# Outputted with MidiToZac v0.2
# Start of Music
bpm 60

num_parts 4

# Instrument: 

part
num_notes 332
0.00 f#5 5.40 0.63
5.40 b5 0.30 0.63
5.70 g5 0.30 0.63
6.00 e5 0.30 0.63
6.30 d5 0.30 0.63
6.60 c#5 0.30 0.63
6.90 d5 0.30 0.63
7.20 c#5 1.20 0.63
8.40 b4 1.20 0.63
9.60 a5 2.70 0.63
12.30 f#5 0.30 0.63
12.60 c5 0.30 0.63
12.90 b4 0.30 0.63
13.20 e5 0.30 0.63
13.50 d#5 0.30 0.63
13.80 a5 0.30 0.63
14.10 g5 0.30 0.63
14.40 g5 2.70 0.63
17.10 e5 0.30 0.63
17.40 b4 0.30 0.63
17.70 a4 0.30 0.63
18.00 d5 0.30 0.63
18.30 c#5 0.30 0.63
18.60 g5 0.30 0.63
18.90 f#5 0.30 0.63
19.20 f#5 1.80 0.63
21.00 g#5 0.30 0.63
21.30 a5 0.30 0.63
21.60 d5 0.60 0.63
22.20 d5 0.15 0.63
22.35 e5 0.15 0.63
22.50 f#5 0.60 0.63
23.10 e5 0.30 0.63
23.40 e5 0.30 0.63
23.70 d5 0.30 0.63
24.00 c#5 0.30 0.63
24.30 b4 0.30 0.63
24.60 b4 0.15 0.63
24.75 c#5 0.15 0.63
24.90 d5 0.30 0.63
25.20 d5 0.60 0.63
25.80 c#5 0.30 0.63
26.10 b4 0.30 0.63
26.40 a4 2.40 0.63
28.80 f#5 5.40 0.63
34.20 b5 0.30 0.63
34.50 g5 0.30 0.63
34.80 e5 0.30 0.63
35.10 d5 0.30 0.63
35.40 c#5 0.30 0.63
35.70 d5 0.30 0.63
36.00 c#5 1.20 0.63
37.20 b4 1.20 0.63
38.40 a5 2.70 0.63
41.10 f#5 0.30 0.63
41.40 c5 0.30 0.63
41.70 b4 0.30 0.63
42.00 e5 0.30 0.63
42.30 d#5 0.30 0.63
42.60 a5 0.30 0.63
42.90 g5 0.30 0.63
43.20 g5 2.70 0.63
45.90 e5 0.30 0.63
46.20 b4 0.30 0.63
46.50 a4 0.30 0.63
46.80 d5 0.30 0.63
47.10 c#5 0.30 0.63
47.40 g5 0.30 0.63
47.70 f#5 0.30 0.63
48.00 f#5 1.80 0.63
49.80 g#5 0.30 0.63
50.10 a5 0.30 0.63
50.40 d5 0.60 0.63
51.00 d5 0.15 0.63
51.15 e5 0.15 0.63
51.30 f#5 0.60 0.63
51.90 e5 0.30 0.63
52.20 e5 0.30 0.63
52.50 d5 0.30 0.63
52.80 c#5 0.30 0.63
53.10 b4 0.30 0.63
53.40 b4 0.15 0.63
53.55 c#5 0.15 0.63
53.70 d5 0.30 0.63
54.00 d5 0.60 0.63
54.60 c#5 0.30 0.63
54.90 b4 0.30 0.63
55.20 a4 2.40 0.63
57.60 c#5 1.50 0.63
59.10 d5 0.15 0.63
59.25 c#5 0.15 0.63
59.40 b4 0.15 0.63
59.55 a4 0.15 0.63
59.70 g4 0.30 0.63
60.00 a5 1.80 0.63
61.80 c5 0.60 0.63
62.40 b4 0.60 0.63
63.00 b5 0.90 0.63
63.90 a5 0.30 0.63
64.20 g5 0.30 0.63
64.50 f#5 0.30 0.63
64.80 g5 1.35 0.63
66.15 f#5 0.15 0.63
66.30 e5 0.15 0.63
66.45 d5 0.15 0.63
66.60 c#5 0.30 0.63
66.90 b4 0.30 0.63
67.20 a#4 0.30 0.63
67.50 b4 0.30 0.63
67.80 c#5 0.90 0.63
68.70 d5 0.30 0.63
69.00 e5 0.90 0.63
69.90 f#5 0.30 0.63
70.20 g5 1.20 0.63
71.40 f#5 0.60 0.63
72.00 e5 0.30 0.63
72.30 d5 0.30 0.63
72.60 c#5 0.30 0.63
72.90 b4 0.30 0.63
73.20 c#5 0.30 0.63
73.50 d5 0.15 0.63
73.65 e5 0.15 0.63
73.80 d5 0.60 0.63
74.40 b4 2.40 0.63
76.80 d5 1.50 0.63
78.30 f#5 0.30 0.63
78.60 e5 0.30 0.63
78.90 d5 0.30 0.63
79.20 b5 1.80 0.63
81.00 a5 0.30 0.63
81.30 g#5 0.30 0.63
81.60 e5 0.30 0.63
81.90 a5 0.30 0.63
82.20 b4 0.60 0.63
82.80 b4 0.90 0.63
83.70 c#5 0.15 0.63
83.85 d5 0.15 0.63
84.00 c#5 0.60 0.63
84.60 b4 0.60 0.63
85.20 a4 1.20 0.63
86.40 d5 1.80 0.63
88.20 f#5 0.30 0.63
88.50 e5 0.30 0.63
88.80 e5 1.80 0.63
90.60 g5 0.30 0.63
90.90 f#5 0.30 0.63
91.20 f#5 1.20 0.63
92.40 a5 0.60 0.63
93.00 g5 0.60 0.63
93.60 g5 2.40 0.63
96.00 a4 1.50 0.63
97.50 c#5 0.30 0.63
97.80 e5 0.30 0.63
98.10 g5 0.30 0.63
98.40 g5 0.30 0.63
98.70 e5 0.30 0.63
99.00 f#5 1.50 0.63
100.50 g5 0.15 0.63
100.65 a5 0.15 0.63
100.80 d5 1.50 0.63
102.30 f#5 0.30 0.63
102.60 a5 0.30 0.63
102.90 c6 0.30 0.63
103.20 b5 1.80 0.63
105.00 d5 0.60 0.63
105.60 c#5 0.30 0.63
105.90 e5 0.30 0.63
106.20 g5 1.20 0.63
107.40 b4 0.60 0.63
108.00 a4 0.60 0.63
108.60 e5 0.30 0.63
108.90 f#5 0.15 0.63
109.05 g5 0.15 0.63
109.20 g5 0.30 0.63
109.50 f#5 0.60 0.63
110.10 e5 0.30 0.63
110.40 d5 0.15 0.63
110.55 c#5 0.15 0.63
110.70 b4 0.60 0.63
111.30 c#5 0.30 0.63
111.60 d5 0.60 0.63
112.20 c#5 0.45 0.63
112.65 d5 0.15 0.63
112.80 d5 2.07 0.63
114.87 d5 1.55 0.63
116.42 f#5 0.26 0.63
116.68 e5 0.26 0.63
116.94 e5 1.55 0.63
118.49 g5 0.26 0.63
118.75 f#5 0.26 0.63
119.01 f#5 1.03 0.63
120.04 a5 0.52 0.63
120.56 g5 0.52 0.63
121.08 g5 2.07 0.63
123.14 a4 1.29 0.63
124.44 c#5 0.26 0.63
124.70 e5 0.26 0.63
124.96 g5 0.26 0.63
125.21 g5 0.26 0.63
125.47 e5 0.26 0.63
125.73 f#5 1.29 0.63
127.02 g5 0.13 0.63
127.15 a5 0.13 0.63
127.28 d5 1.29 0.63
128.58 f#5 0.26 0.63
128.83 a5 0.26 0.63
129.09 c6 0.26 0.63
129.35 b5 1.55 0.63
130.90 d5 0.52 0.63
131.42 c#5 0.26 0.63
131.68 e5 0.26 0.63
131.94 g5 1.03 0.63
132.97 b4 0.52 0.63
133.49 a4 0.52 0.63
134.01 e5 0.26 0.63
134.27 f#5 0.13 0.63
134.39 g5 0.13 0.63
134.52 g5 0.26 0.63
134.78 f#5 0.52 0.63
135.30 e5 0.26 0.63
135.56 d5 0.13 0.63
135.69 c#5 0.13 0.63
135.82 b4 0.52 0.63
136.33 c#5 0.26 0.63
136.59 d5 0.52 0.63
137.11 c#5 0.39 0.63
137.50 d5 0.13 0.63
137.63 d5 2.07 0.63
139.70 c#5 1.29 0.63
140.99 d5 0.13 0.63
141.12 c#5 0.13 0.63
141.25 b4 0.13 0.63
141.38 c#5 0.13 0.63
141.51 a4 0.26 0.63
141.77 a5 1.55 0.63
143.32 c5 0.52 0.63
143.83 b4 0.52 0.63
144.35 b5 0.77 0.63
145.13 a5 0.26 0.63
145.39 g5 0.26 0.63
145.64 f#5 0.26 0.63
145.90 g5 1.16 0.63
147.07 f#5 0.13 0.63
147.20 e5 0.13 0.63
147.33 d5 0.13 0.63
147.46 c#5 0.26 0.63
147.71 b4 0.26 0.63
147.97 a#4 0.26 0.63
148.23 b4 0.26 0.63
148.49 c#5 0.77 0.63
149.27 d5 0.26 0.63
149.52 e5 0.77 0.63
150.30 f#5 0.26 0.63
150.56 g5 1.03 0.63
151.59 f#5 0.52 0.63
152.11 e5 0.26 0.63
152.37 d5 0.26 0.63
152.63 c#5 0.26 0.63
152.89 b4 0.26 0.63
153.14 c#5 0.26 0.63
153.40 d5 0.13 0.63
153.53 e5 0.13 0.63
153.66 d5 0.52 0.63
154.18 b4 2.07 0.63
156.25 d5 1.29 0.63
157.54 f#5 0.26 0.63
157.80 e5 0.26 0.63
158.06 d5 0.26 0.63
158.32 b5 1.55 0.63
159.87 a5 0.26 0.63
160.13 g#5 0.26 0.63
160.39 e5 0.26 0.63
160.64 a5 0.26 0.63
160.90 a4 0.52 0.63
161.42 b4 0.77 0.63
162.20 c#5 0.13 0.63
162.33 d5 0.13 0.63
162.46 c#5 0.77 0.63
163.23 b4 0.26 0.63
163.49 a4 1.03 0.63
164.52 c#5 1.29 0.63
165.82 d5 0.13 0.63
165.95 c#5 0.13 0.63
166.08 b4 0.13 0.63
166.21 c#5 0.13 0.63
166.33 a4 0.26 0.63
166.59 a5 1.55 0.63
168.14 c5 0.52 0.63
168.66 b4 0.52 0.63
169.18 b5 0.77 0.63
169.96 a5 0.26 0.63
170.21 g5 0.26 0.63
170.47 f#5 0.26 0.63
170.73 g5 1.16 0.63
171.89 f#5 0.13 0.63
172.02 e5 0.13 0.63
172.15 d5 0.13 0.63
172.28 c#5 0.26 0.63
172.54 b4 0.26 0.63
172.80 a#4 0.26 0.63
173.06 b4 0.26 0.63
173.32 c#5 0.77 0.63
174.09 d5 0.26 0.63
174.35 e5 0.77 0.63
175.13 f#5 0.26 0.63
175.39 g5 1.03 0.63
176.42 f#5 0.52 0.63
176.94 e5 0.26 0.63
177.20 d5 0.26 0.63
177.46 c#5 0.26 0.63
177.71 b4 0.26 0.63
177.97 c#5 0.26 0.63
178.23 d5 0.13 0.63
178.36 e5 0.13 0.63
178.49 d5 0.52 0.63
179.01 b4 2.07 0.63
181.08 d5 1.29 0.63
182.37 f#5 0.26 0.63
182.63 e5 0.26 0.63
182.89 d5 0.26 0.63
183.14 b5 1.55 0.63
184.70 a5 0.26 0.63
184.96 g#5 0.26 0.63
185.21 e5 0.26 0.63
185.47 a5 0.26 0.63
185.73 a4 0.52 0.63
186.25 b4 0.77 0.63
187.02 c#5 0.13 0.63
187.15 d5 0.13 0.63
187.28 c#5 0.77 0.63
188.06 b4 0.26 0.63
188.32 a4 1.03 0.63
end

# Instrument: 

part
num_notes 232
0.00 d5 6.00 0.50
6.00 b4 1.20 0.50
7.20 a4 3.00 0.50
10.20 c5 0.30 0.50
10.50 b4 0.30 0.50
10.80 c5 0.60 0.50
11.40 a5 0.30 0.50
11.70 c5 0.30 0.50
12.00 b4 0.60 0.50
14.40 b4 0.60 0.50
15.00 e5 0.30 0.50
15.30 d5 0.30 0.50
15.60 e5 0.30 0.50
15.90 f#5 0.30 0.50
16.20 g5 0.30 0.50
16.50 e5 0.30 0.50
16.80 a4 0.60 0.50
19.20 a4 3.00 0.50
22.20 g#4 0.30 0.50
22.50 a4 0.30 0.50
22.80 b4 0.60 0.50
23.40 g#4 0.60 0.50
24.00 a4 0.60 0.50
24.60 a4 1.20 0.50
25.80 g#4 0.60 0.50
26.40 e4 2.40 0.50
28.80 d5 6.00 0.50
34.80 b4 1.20 0.50
36.00 a4 3.00 0.50
39.00 c5 0.30 0.50
39.30 b4 0.30 0.50
39.60 c5 0.60 0.50
40.20 a5 0.30 0.50
40.50 c5 0.30 0.50
40.80 b4 0.60 0.50
43.20 b4 0.60 0.50
43.80 e5 0.30 0.50
44.10 d5 0.30 0.50
44.40 e5 0.30 0.50
44.70 f#5 0.30 0.50
45.00 g5 0.30 0.50
45.30 e5 0.30 0.50
45.60 a4 0.60 0.50
48.00 a4 3.00 0.50
51.00 g#4 0.30 0.50
51.30 a4 0.30 0.50
51.60 b4 0.60 0.50
52.20 g#4 0.60 0.50
52.80 a4 0.60 0.50
53.40 a4 1.20 0.50
54.60 g#4 0.60 0.50
55.20 e4 2.40 0.50
57.60 a4 3.00 0.50
60.60 b4 0.30 0.50
60.90 c5 0.60 0.50
61.50 b4 0.30 0.50
61.80 a4 0.30 0.50
62.10 g4 0.30 0.50
62.40 f#4 1.80 0.50
64.20 d#5 0.60 0.50
64.80 e5 2.40 0.50
67.20 e5 2.70 0.50
69.90 d5 0.30 0.50
70.20 c#5 0.30 0.50
70.50 b4 0.30 0.50
70.80 a#4 0.30 0.50
71.10 b4 0.30 0.50
71.40 c#5 0.60 0.50
72.00 b4 0.60 0.50
72.60 b4 0.60 0.50
73.20 b4 0.60 0.50
73.80 a#4 0.60 0.50
74.40 f#4 2.40 0.50
76.80 e4 1.20 0.50
78.00 f#4 1.20 0.50
79.20 b3 0.60 0.50
79.80 e4 0.30 0.50
80.10 f#4 0.30 0.50
80.40 g#4 0.30 0.50
80.70 a4 0.30 0.50
81.00 b4 1.20 0.50
82.20 a4 1.20 0.50
83.40 g#4 0.60 0.50
84.00 a4 3.00 0.50
87.00 b4 0.30 0.50
87.30 c5 0.30 0.50
87.60 b4 0.30 0.50
87.90 c#5 0.30 0.50
88.20 d5 1.20 0.50
89.40 c#5 0.30 0.50
89.70 b4 0.30 0.50
90.00 c#5 0.60 0.50
90.60 d#5 0.30 0.50
90.90 e5 0.90 0.50
91.80 d#5 0.30 0.50
92.10 c#5 0.30 0.50
92.40 d#5 0.60 0.50
93.00 e5 0.30 0.50
93.30 f#5 0.60 0.50
93.90 d#5 0.30 0.50
94.20 e5 0.30 0.50
94.50 b4 0.30 0.50
94.80 e4 1.50 0.50
96.30 c#4 0.30 0.50
96.60 e4 0.30 0.50
96.90 a4 0.30 0.50
97.20 c#5 0.60 0.50
97.80 a4 1.20 0.50
99.00 b4 0.30 0.50
99.30 d5 0.30 0.50
99.60 d4 1.80 0.50
101.40 e4 0.60 0.50
102.00 f#4 1.20 0.50
103.20 g4 3.00 0.50
106.20 b4 0.60 0.50
106.80 e5 1.50 0.50
108.30 d5 0.30 0.50
108.60 c#5 0.30 0.50
108.90 b4 0.30 0.50
109.20 a4 0.60 0.50
109.80 b4 0.60 0.50
110.40 a4 1.20 0.50
111.60 g4 0.30 0.50
111.90 f#4 0.30 0.50
112.20 g4 0.60 0.50
112.80 f#4 2.07 0.50
115.39 b4 0.26 0.50
115.64 c5 0.26 0.50
115.90 b4 0.26 0.50
116.16 c#5 0.26 0.50
116.42 d5 1.03 0.50
117.46 c#5 0.26 0.50
117.71 b4 0.26 0.50
117.97 c#5 0.52 0.50
118.49 d#5 0.26 0.50
118.75 e5 0.77 0.50
119.52 d#5 0.26 0.50
119.78 c#5 0.26 0.50
120.04 d#5 0.52 0.50
120.56 e5 0.26 0.50
120.82 f#5 0.52 0.50
121.33 d#5 0.26 0.50
121.59 e5 0.26 0.50
121.85 b4 0.26 0.50
122.11 e4 1.29 0.50
123.40 c#4 0.26 0.50
123.66 e4 0.26 0.50
123.92 a4 0.26 0.50
124.18 c#5 0.52 0.50
124.70 a4 1.03 0.50
125.73 b4 0.26 0.50
125.99 d5 0.26 0.50
126.25 d4 1.55 0.50
127.80 e4 0.52 0.50
128.32 f#4 1.03 0.50
129.35 g4 2.58 0.50
131.94 b4 0.52 0.50
132.46 e5 1.29 0.50
133.75 d5 0.26 0.50
134.01 c#5 0.26 0.50
134.27 b4 0.26 0.50
134.52 a4 0.52 0.50
135.04 b4 0.52 0.50
135.56 a4 1.03 0.50
136.59 g4 0.26 0.50
136.85 f#4 0.26 0.50
137.11 g4 0.52 0.50
137.63 f#4 2.07 0.50
139.70 a4 2.33 0.50
142.02 b4 0.26 0.50
142.28 c5 0.77 0.50
143.06 b4 0.26 0.50
143.32 a4 0.26 0.50
143.58 g4 0.26 0.50
143.83 f#4 1.55 0.50
145.39 d#5 0.52 0.50
145.90 e5 2.07 0.50
147.97 e5 2.33 0.50
150.30 d5 0.26 0.50
150.56 c#5 0.26 0.50
150.82 b4 0.26 0.50
151.08 a#4 0.26 0.50
151.33 b4 0.26 0.50
151.59 c#5 0.52 0.50
152.11 b4 0.52 0.50
152.63 b4 0.52 0.50
153.14 b4 0.52 0.50
153.66 a#4 0.52 0.50
154.18 a#4 2.07 0.50
156.25 e4 1.03 0.50
157.28 f#4 1.03 0.50
158.32 b3 0.52 0.50
158.83 e4 0.26 0.50
159.09 f#4 0.26 0.50
159.35 g#4 0.26 0.50
159.61 a4 0.26 0.50
159.87 b4 1.03 0.50
160.90 a4 1.03 0.50
161.94 g#4 0.52 0.50
162.46 a4 2.07 0.50
164.52 a4 2.33 0.50
166.85 b4 0.26 0.50
167.11 c5 0.77 0.50
167.89 b4 0.26 0.50
168.14 a4 0.26 0.50
168.40 g4 0.26 0.50
168.66 f#4 1.55 0.50
170.21 d#5 0.52 0.50
170.73 e5 2.07 0.50
172.80 e5 2.33 0.50
175.13 d5 0.26 0.50
175.39 c#5 0.26 0.50
175.64 b4 0.26 0.50
175.90 a#4 0.26 0.50
176.16 b4 0.26 0.50
176.42 c#5 0.52 0.50
176.94 b4 0.52 0.50
177.46 b4 0.52 0.50
177.97 b4 0.52 0.50
178.49 a#4 0.52 0.50
179.01 a#4 2.07 0.50
181.08 e4 1.03 0.50
182.11 f#4 1.03 0.50
183.14 b3 0.52 0.50
183.66 e4 0.26 0.50
183.92 f#4 0.26 0.50
184.18 g#4 0.26 0.50
184.44 a4 0.26 0.50
184.70 b4 1.03 0.50
185.73 a4 1.03 0.50
186.77 g#4 0.52 0.50
187.28 a4 2.07 0.50
end

# Instrument: 

part
num_notes 258
0.00 c#5 2.40 0.26
2.40 d5 2.40 0.26
4.80 b4 1.20 0.26
6.00 e5 1.20 0.26
7.20 e5 3.00 0.26
10.20 d#5 1.20 0.26
11.40 e5 0.60 0.26
12.00 f#5 0.60 0.26
14.40 e5 0.60 0.26
15.00 b4 1.20 0.26
16.20 e5 0.60 0.26
16.80 e5 0.60 0.26
19.20 d5 1.80 0.26
21.00 e5 0.60 0.26
21.60 f#5 0.60 0.26
22.20 d5 0.60 0.26
22.80 b4 0.60 0.26
23.40 e5 1.20 0.26
24.60 f#5 0.60 0.26
25.20 b4 0.60 0.26
25.80 e5 0.60 0.26
26.40 c#5 2.40 0.26
28.80 c#5 2.40 0.26
31.20 d5 2.40 0.26
33.60 b4 1.20 0.26
34.80 e5 1.20 0.26
36.00 e5 3.00 0.26
39.00 d#5 1.20 0.26
40.20 e5 0.60 0.26
40.80 f#5 0.60 0.26
43.20 e5 0.60 0.26
43.80 b4 1.20 0.26
45.00 e5 0.60 0.26
45.60 e5 0.60 0.26
48.00 d5 1.80 0.26
49.80 e5 0.60 0.26
50.40 f#5 0.60 0.26
51.00 d5 0.60 0.26
51.60 b4 0.60 0.26
52.20 e5 1.20 0.26
53.40 f#5 0.60 0.26
54.00 b4 0.60 0.26
54.60 e5 0.60 0.26
55.20 c#5 2.40 0.26
57.60 e5 3.00 0.26
60.60 d#5 0.30 0.26
60.90 e5 0.30 0.26
61.20 f#5 1.50 0.26
62.70 g5 0.30 0.26
63.00 a5 0.30 0.26
63.30 f#5 0.30 0.26
63.60 d#5 0.60 0.26
64.20 b5 0.60 0.26
64.80 b5 1.20 0.26
66.00 b4 1.20 0.26
67.20 c#5 0.30 0.26
67.50 d5 0.30 0.26
67.80 e5 0.30 0.26
68.10 f#5 0.30 0.26
68.40 g5 0.30 0.26
68.70 f#5 0.30 0.26
69.00 g5 0.30 0.26
69.30 f#5 0.30 0.26
69.60 f#5 0.60 0.26
70.20 e5 0.30 0.26
70.50 d5 0.30 0.26
70.80 c#5 0.60 0.26
71.40 f#5 0.60 0.26
72.00 f#5 0.60 0.26
72.60 e5 0.30 0.26
72.90 d5 0.30 0.26
73.20 g5 0.60 0.26
73.80 f#5 0.30 0.26
74.10 e5 0.30 0.26
74.40 d5 2.40 0.26
76.80 b4 0.60 0.26
77.40 b5 0.60 0.26
78.00 a5 0.60 0.26
78.60 g#5 0.30 0.26
78.90 a5 0.30 0.26
79.20 g#5 0.90 0.26
80.10 f#5 0.30 0.26
80.40 e5 1.80 0.26
82.20 e5 0.60 0.26
82.80 f#5 0.60 0.26
83.40 e5 0.60 0.26
84.00 e5 0.90 0.26
84.90 d5 0.30 0.26
85.20 c#5 0.30 0.26
85.50 d5 0.30 0.26
85.80 e5 0.30 0.26
86.10 c#5 0.30 0.26
86.40 a4 0.60 0.26
87.00 d5 1.20 0.26
88.20 b4 1.20 0.26
89.40 e5 1.20 0.26
90.60 c#5 1.20 0.26
91.80 f#5 1.20 0.26
93.00 d#5 0.60 0.26
93.60 b4 1.50 0.26
95.10 c#6 0.30 0.26
95.40 a5 0.30 0.26
95.70 f#5 0.30 0.26
96.00 a5 0.60 0.26
96.60 g5 0.60 0.26
97.20 f#5 0.60 0.26
97.80 e5 0.60 0.26
98.40 d5 1.20 0.26
99.60 a5 1.80 0.26
101.40 g5 0.60 0.26
102.00 a5 1.20 0.26
103.20 d5 2.40 0.26
105.60 e5 0.30 0.26
105.90 b4 0.30 0.26
106.20 e5 0.30 0.26
106.50 g5 0.30 0.26
106.80 b5 0.30 0.26
107.10 a5 0.30 0.26
107.40 g5 0.30 0.26
107.70 f#5 0.30 0.26
108.00 e5 0.60 0.26
108.60 a5 1.20 0.26
109.80 g5 0.60 0.26
110.40 f#5 1.20 0.26
111.60 e5 0.60 0.26
112.20 c#5 0.60 0.26
112.80 a4 2.07 0.26
114.87 a4 0.52 0.26
115.39 d5 1.03 0.26
116.42 b4 1.03 0.26
117.46 e5 1.03 0.26
118.49 c#5 1.03 0.26
119.52 f#5 1.03 0.26
120.56 d#5 0.52 0.26
121.08 b4 1.29 0.26
122.37 c#6 0.26 0.26
122.63 a5 0.26 0.26
122.89 f#5 0.26 0.26
123.14 a5 0.52 0.26
123.66 g5 0.52 0.26
124.18 f#5 0.52 0.26
124.70 e5 0.52 0.26
125.21 d5 1.03 0.26
126.25 a5 1.55 0.26
127.80 g5 0.52 0.26
128.32 a5 1.03 0.26
129.35 d5 2.07 0.26
131.42 e5 0.26 0.26
131.68 b4 0.26 0.26
131.94 e5 0.26 0.26
132.20 g5 0.26 0.26
132.46 b5 0.26 0.26
132.71 a5 0.26 0.26
132.97 g5 0.26 0.26
133.23 f#5 0.26 0.26
133.49 e5 0.52 0.26
134.01 a5 1.03 0.26
135.04 g5 0.52 0.26
135.56 f#5 1.03 0.26
136.59 e5 0.52 0.26
137.11 c#5 0.52 0.26
137.63 a4 2.07 0.26
139.70 e5 2.58 0.26
142.28 d#5 0.26 0.26
142.54 e5 0.26 0.26
142.80 f#5 1.29 0.26
144.09 g5 0.26 0.26
144.35 a5 0.26 0.26
144.61 f#5 0.26 0.26
144.87 d#5 0.52 0.26
145.39 b5 0.52 0.26
145.90 b5 1.03 0.26
146.94 b4 1.03 0.26
147.97 c#5 0.26 0.26
148.23 d5 0.26 0.26
148.49 e5 0.26 0.26
148.75 f#5 0.26 0.26
149.01 g5 0.26 0.26
149.27 f#5 0.26 0.26
149.52 g5 0.26 0.26
149.78 f#5 0.26 0.26
150.04 f#5 0.52 0.26
150.56 e5 0.26 0.26
150.82 d5 0.26 0.26
151.08 c#5 0.52 0.26
151.59 f#5 0.52 0.26
152.11 f#5 0.52 0.26
152.63 e5 0.26 0.26
152.89 d5 0.26 0.26
153.14 g5 0.52 0.26
153.66 f#5 0.26 0.26
153.92 e5 0.26 0.26
154.18 d5 2.07 0.26
156.25 b4 0.52 0.26
156.77 b5 0.52 0.26
157.28 a5 0.26 0.26
157.54 g#5 0.26 0.26
157.80 a5 0.52 0.26
158.32 g#5 0.77 0.26
159.09 f#5 0.26 0.26
159.35 e5 1.55 0.26
160.90 e5 0.52 0.26
161.42 f#5 0.52 0.26
161.94 e5 0.52 0.26
162.46 f#5 0.77 0.26
163.23 d5 0.26 0.26
163.49 c#5 0.26 0.26
163.75 d5 0.26 0.26
164.01 e5 0.26 0.26
164.27 c#5 0.26 0.26
164.52 e5 2.58 0.26
167.11 d#5 0.26 0.26
167.37 e5 0.26 0.26
167.63 f#5 1.29 0.26
168.92 g5 0.26 0.26
169.18 a5 0.26 0.26
169.44 f#5 0.26 0.26
169.70 d#5 0.52 0.26
170.21 b5 0.52 0.26
170.73 b5 1.03 0.26
171.77 b4 1.03 0.26
172.80 c#5 0.26 0.26
173.06 d5 0.26 0.26
173.32 e5 0.26 0.26
173.58 f#5 0.26 0.26
173.83 g5 0.26 0.26
174.09 f#5 0.26 0.26
174.35 g5 0.26 0.26
174.61 f#5 0.26 0.26
174.87 f#5 0.52 0.26
175.39 e5 0.26 0.26
175.64 d5 0.26 0.26
175.90 c#5 0.52 0.26
176.42 f#5 0.52 0.26
176.94 f#5 0.52 0.26
177.46 e5 0.26 0.26
177.71 d5 0.26 0.26
177.97 g5 0.52 0.26
178.49 f#5 0.26 0.26
178.75 e5 0.26 0.26
179.01 d5 2.07 0.26
181.08 b4 0.52 0.26
181.59 b5 0.52 0.26
182.11 a5 0.26 0.26
182.37 g#5 0.26 0.26
182.63 a5 0.52 0.26
183.14 g#5 0.77 0.26
183.92 f#5 0.26 0.26
184.18 e5 1.55 0.26
185.73 e5 0.52 0.26
186.25 f#5 0.52 0.26
186.77 e5 0.52 0.26
187.28 f#5 0.77 0.26
188.06 d5 0.26 0.26
188.32 c#5 0.26 0.26
188.58 d5 0.26 0.26
188.83 e5 0.26 0.26
189.09 c#5 0.26 0.26
end

# Instrument: 

part
num_notes 338
0.00 d3 0.60 0.63
0.60 d4 0.60 0.63
1.20 c#4 0.60 0.63
1.80 c#3 0.60 0.63
2.40 b2 0.60 0.63
3.00 b3 0.60 0.63
3.60 a3 0.60 0.63
4.20 a2 0.60 0.63
4.80 g2 0.60 0.63
5.40 g3 0.60 0.63
6.00 g#3 0.60 0.63
6.60 g#2 0.60 0.63
7.20 a2 0.60 0.63
7.80 a3 0.60 0.63
8.40 g3 0.60 0.63
9.00 g2 0.60 0.63
9.60 f#2 0.60 0.63
10.20 f#3 0.60 0.63
10.80 e3 0.60 0.63
11.40 e2 0.60 0.63
12.00 d#2 0.60 0.63
12.60 d#3 0.60 0.63
13.20 b2 0.60 0.63
13.80 b3 0.60 0.63
14.40 e2 0.60 0.63
15.00 e3 0.60 0.63
15.60 d3 0.60 0.63
16.20 d2 0.60 0.63
16.80 c#2 0.60 0.63
17.40 c#3 0.60 0.63
18.00 a2 0.60 0.63
18.60 a3 0.60 0.63
19.20 d3 0.60 0.63
19.80 d4 0.60 0.63
20.40 c#4 0.60 0.63
21.00 c#3 0.60 0.63
21.60 b2 0.60 0.63
22.20 b3 0.60 0.63
22.80 g#3 0.60 0.63
23.40 e3 0.60 0.63
24.00 a3 0.60 0.63
24.60 d3 0.60 0.63
25.20 e3 0.60 0.63
25.80 e2 0.60 0.63
26.40 a2 0.30 0.63
26.70 b2 0.30 0.63
27.00 c#3 0.30 0.63
27.30 d3 0.30 0.63
27.60 e3 0.30 0.63
27.90 g3 0.30 0.63
28.20 f#3 0.30 0.63
28.50 e3 0.30 0.63
28.80 d3 0.60 0.63
29.40 d4 0.60 0.63
30.00 c#4 0.60 0.63
30.60 c#3 0.60 0.63
31.20 b2 0.60 0.63
31.80 b3 0.60 0.63
32.40 a3 0.60 0.63
33.00 a2 0.60 0.63
33.60 g2 0.60 0.63
34.20 g3 0.60 0.63
34.80 g#3 0.60 0.63
35.40 g#2 0.60 0.63
36.00 a2 0.60 0.63
36.60 a3 0.60 0.63
37.20 g3 0.60 0.63
37.80 g2 0.60 0.63
38.40 f#2 0.60 0.63
39.00 f#3 0.60 0.63
39.60 e3 0.60 0.63
40.20 e2 0.60 0.63
40.80 d#2 0.60 0.63
41.40 d#3 0.60 0.63
42.00 b2 0.60 0.63
42.60 b3 0.60 0.63
43.20 e2 0.60 0.63
43.80 e3 0.60 0.63
44.40 d3 0.60 0.63
45.00 d2 0.60 0.63
45.60 c#2 0.60 0.63
46.20 c#3 0.60 0.63
46.80 a2 0.60 0.63
47.40 a3 0.60 0.63
48.00 d3 0.60 0.63
48.60 d4 0.60 0.63
49.20 c#4 0.60 0.63
49.80 c#3 0.60 0.63
50.40 b2 0.60 0.63
51.00 b3 0.60 0.63
51.60 g#3 0.60 0.63
52.20 e3 0.60 0.63
52.80 a3 0.60 0.63
53.40 d3 0.60 0.63
54.00 e3 0.60 0.63
54.60 e2 0.60 0.63
55.20 a2 0.30 0.63
55.50 b2 0.30 0.63
55.80 c#3 0.30 0.63
56.10 d3 0.30 0.63
56.40 e3 0.30 0.63
56.70 g3 0.30 0.63
57.00 f#3 0.30 0.63
57.30 e3 0.30 0.63
57.60 a2 0.60 0.63
58.20 a3 0.60 0.63
58.80 g3 0.60 0.63
59.40 g2 0.60 0.63
60.00 f#2 0.60 0.63
60.60 f#3 0.60 0.63
61.20 e3 0.60 0.63
61.80 e2 0.60 0.63
62.40 d#2 0.60 0.63
63.00 d#3 0.60 0.63
63.60 f#3 0.60 0.63
64.20 b2 0.60 0.63
64.80 e3 0.60 0.63
65.40 e4 0.60 0.63
66.00 d4 0.60 0.63
66.60 d3 0.60 0.63
67.20 c#3 0.60 0.63
67.80 c#4 0.60 0.63
68.40 b3 0.60 0.63
69.00 b2 0.60 0.63
69.60 a#2 0.60 0.63
70.20 b2 0.60 0.63
70.80 c#3 0.60 0.63
71.40 a#2 0.60 0.63
72.00 b2 0.60 0.63
72.60 g3 0.60 0.63
73.20 e3 0.60 0.63
73.80 f#3 0.60 0.63
74.40 b2 0.60 0.63
75.00 b3 0.60 0.63
75.60 a3 0.60 0.63
76.20 a2 0.60 0.63
76.80 g#2 0.60 0.63
77.40 g#3 0.60 0.63
78.00 f#3 0.60 0.63
78.60 f#2 0.60 0.63
79.20 e2 0.60 0.63
79.80 e3 0.60 0.63
80.40 d3 0.60 0.63
81.00 d2 0.60 0.63
81.60 c#2 0.60 0.63
82.20 c#3 0.60 0.63
82.80 d3 0.60 0.63
83.40 e3 0.60 0.63
84.00 a2 0.60 0.63
84.60 a3 0.60 0.63
85.20 g3 0.60 0.63
85.80 g2 0.60 0.63
86.40 f#2 0.60 0.63
87.00 f#3 0.60 0.63
87.60 g3 0.60 0.63
88.20 g2 0.60 0.63
88.80 g#2 0.60 0.63
89.40 g#3 0.60 0.63
90.00 a3 0.60 0.63
90.60 a2 0.60 0.63
91.20 a#2 0.60 0.63
91.80 a#3 0.60 0.63
92.40 b3 0.60 0.63
93.00 b2 0.60 0.63
93.60 e3 0.60 0.63
94.20 e4 0.60 0.63
94.80 d4 0.60 0.63
95.40 d3 0.60 0.63
96.00 c#3 0.60 0.63
96.60 c#4 0.60 0.63
97.20 a3 0.60 0.63
97.80 c#4 0.60 0.63
98.40 d4 0.60 0.63
99.00 d3 0.60 0.63
99.60 c3 0.60 0.63
100.20 c4 0.60 0.63
100.80 b3 0.60 0.63
101.40 b2 0.60 0.63
102.00 a2 0.60 0.63
102.60 a3 0.60 0.63
103.20 g3 0.60 0.63
103.80 g2 0.60 0.63
104.40 f#2 0.60 0.63
105.00 f#3 0.60 0.63
105.60 e3 0.60 0.63
106.20 e2 0.60 0.63
106.80 d2 0.60 0.63
107.40 d3 0.60 0.63
108.00 c#3 0.60 0.63
108.60 a2 0.60 0.63
109.20 d3 0.60 0.63
109.80 g3 0.60 0.63
110.40 a3 0.60 0.63
111.00 g3 0.60 0.63
111.60 a3 0.60 0.63
112.20 a2 0.60 0.63
112.80 d2 2.07 0.63
114.87 f#2 0.52 0.63
115.39 f#3 0.52 0.63
115.90 g3 0.52 0.63
116.42 g2 0.52 0.63
116.94 g#2 0.52 0.63
117.46 g#3 0.52 0.63
117.97 a3 0.52 0.63
118.49 a2 0.52 0.63
119.01 a#2 0.52 0.63
119.52 a#3 0.52 0.63
120.04 b3 0.52 0.63
120.56 b2 0.52 0.63
121.08 e3 0.52 0.63
121.59 e4 0.52 0.63
122.11 d4 0.52 0.63
122.63 d3 0.52 0.63
123.14 c#3 0.52 0.63
123.66 c#4 0.52 0.63
124.18 a3 0.52 0.63
124.70 c#4 0.52 0.63
125.21 d4 0.52 0.63
125.73 d3 0.52 0.63
126.25 c3 0.52 0.63
126.77 c4 0.52 0.63
127.28 b3 0.52 0.63
127.80 b2 0.52 0.63
128.32 a2 0.52 0.63
128.83 a3 0.52 0.63
129.35 g3 0.52 0.63
129.87 g2 0.52 0.63
130.39 f#2 0.52 0.63
130.90 f#3 0.52 0.63
131.42 e3 0.52 0.63
131.94 e2 0.52 0.63
132.46 d2 0.52 0.63
132.97 d3 0.52 0.63
133.49 c#3 0.52 0.63
134.01 a2 0.52 0.63
134.52 d3 0.52 0.63
135.04 g3 0.52 0.63
135.56 a3 0.52 0.63
136.08 g3 0.52 0.63
136.59 a3 0.52 0.63
137.11 a2 0.52 0.63
137.63 d2 2.07 0.63
139.70 a2 0.52 0.63
140.21 a3 0.52 0.63
140.73 g3 0.52 0.63
141.25 g2 0.52 0.63
141.77 f#2 0.52 0.63
142.28 f#3 0.52 0.63
142.80 e3 0.52 0.63
143.32 e2 0.52 0.63
143.83 d#2 0.52 0.63
144.35 d#3 0.52 0.63
144.87 f#3 0.52 0.63
145.39 b2 0.52 0.63
145.90 e3 0.52 0.63
146.42 e4 0.52 0.63
146.94 d4 0.52 0.63
147.46 d3 0.52 0.63
147.97 c#3 0.52 0.63
148.49 c#4 0.52 0.63
149.01 b3 0.52 0.63
149.52 b2 0.52 0.63
150.04 a#2 0.52 0.63
150.56 b2 0.52 0.63
151.08 c#3 0.52 0.63
151.59 a2 0.52 0.63
152.11 b2 0.52 0.63
152.63 g3 0.52 0.63
153.14 e3 0.52 0.63
153.66 f#3 0.52 0.63
154.18 b2 0.52 0.63
154.70 b3 0.52 0.63
155.21 a3 0.52 0.63
155.73 a2 0.52 0.63
156.25 g#2 0.52 0.63
156.77 g#3 0.52 0.63
157.28 f#3 0.52 0.63
157.80 f#2 0.52 0.63
158.32 e2 0.52 0.63
158.83 e3 0.52 0.63
159.35 d3 0.52 0.63
159.87 d2 0.52 0.63
160.39 c#2 0.52 0.63
160.90 c#3 0.52 0.63
161.42 d3 0.52 0.63
161.94 e3 0.52 0.63
162.46 a2 0.52 0.63
162.97 a3 0.52 0.63
163.49 g3 0.52 0.63
164.01 g2 0.52 0.63
164.52 a2 0.52 0.63
165.04 a3 0.52 0.63
165.56 g3 0.52 0.63
166.08 g2 0.52 0.63
166.59 f#2 0.52 0.63
167.11 f#3 0.52 0.63
167.63 e3 0.52 0.63
168.14 e2 0.52 0.63
168.66 d#2 0.52 0.63
169.18 d#3 0.52 0.63
169.70 f#3 0.52 0.63
170.21 b2 0.52 0.63
170.73 e3 0.52 0.63
171.25 e4 0.52 0.63
171.77 d4 0.52 0.63
172.28 d3 0.52 0.63
172.80 c#3 0.52 0.63
173.32 c#4 0.52 0.63
173.83 b3 0.52 0.63
174.35 b2 0.52 0.63
174.87 a#2 0.52 0.63
175.39 b2 0.52 0.63
175.90 c#3 0.52 0.63
176.42 a2 0.52 0.63
176.94 b2 0.52 0.63
177.46 g3 0.52 0.63
177.97 e3 0.52 0.63
178.49 f#3 0.52 0.63
179.01 b2 0.52 0.63
179.52 b3 0.52 0.63
180.04 a3 0.52 0.63
180.56 a2 0.52 0.63
181.08 g#2 0.52 0.63
181.59 g#3 0.52 0.63
182.11 f#3 0.52 0.63
182.63 f#2 0.52 0.63
183.14 e2 0.52 0.63
183.66 e3 0.52 0.63
184.18 d3 0.52 0.63
184.70 d2 0.52 0.63
185.21 c#2 0.52 0.63
185.73 c#3 0.52 0.63
186.25 d3 0.52 0.63
186.77 e3 0.52 0.63
187.28 a2 0.52 0.63
187.80 a3 0.52 0.63
188.32 g3 0.52 0.63
188.83 g2 0.52 0.63
end
