# Outputted with MidiToZac v0.2
# Start of Music
bpm 60

num_parts 4

# Instrument: 

part
num_notes 586
0.33 b4 0.08 0.63
0.42 a4 0.08 0.63
0.50 g#4 0.17 0.63
0.67 a4 0.33 0.63
1.33 c#5 0.08 0.63
1.42 b4 0.08 0.63
1.50 a#4 0.17 0.63
1.67 b4 0.33 0.63
2.33 d5 0.08 0.63
2.42 c#5 0.08 0.63
2.50 b4 0.17 0.63
2.67 c#5 0.33 0.63
3.00 d5 0.17 0.63
3.33 e5 0.17 0.63
3.67 f#5 0.17 0.63
4.33 f#5 0.08 0.63
4.42 e5 0.08 0.63
4.50 d#5 0.17 0.63
4.67 e5 0.33 0.63
5.33 g5 0.08 0.63
5.42 f#5 0.08 0.63
5.50 f5 0.17 0.63
5.67 f#5 0.33 0.63
6.33 g5 0.08 0.63
6.42 f#5 0.08 0.63
6.50 f5 0.17 0.63
6.67 f#5 0.33 0.63
7.00 g5 0.33 0.63
7.33 a5 0.33 0.63
7.67 b5 0.33 0.63
8.33 g5 0.17 0.63
8.50 a5 0.17 0.63
8.67 b5 0.17 0.63
8.83 a4 0.17 0.63
9.00 g5 1.33 0.63
10.33 g5 0.17 0.63
10.50 a5 0.17 0.63
10.67 b5 0.17 0.63
10.83 a4 0.17 0.63
11.00 f#5 1.33 0.63
12.33 f#5 0.17 0.63
12.50 g5 0.17 0.63
12.67 a5 0.17 0.63
12.83 a4 0.17 0.63
13.00 e5 0.17 0.63
13.33 g5 0.17 0.63
13.67 a4 0.17 0.63
14.00 d5 0.17 0.63
14.33 g5 0.17 0.63
14.67 a4 0.17 0.63
15.00 c#5 0.17 0.63
15.33 g5 0.17 0.63
15.67 a4 0.17 0.63
16.00 b4 0.17 0.63
16.33 e5 0.17 0.63
16.67 g4 0.17 0.63
17.00 a4 0.17 0.63
17.33 d5 0.17 0.63
17.67 f#4 0.17 0.63
18.00 g4 0.17 0.63
18.33 c#5 0.17 0.63
18.67 e4 0.17 0.63
23.67 d4 0.33 0.63
24.00 d4 0.33 0.63
24.33 f#4 0.33 0.63
24.67 a4 0.33 0.63
25.00 a4 0.33 0.63
25.67 a4 0.17 0.63
25.83 a5 0.17 0.63
26.00 a5 0.33 0.63
26.67 a4 0.17 0.63
26.83 f#5 0.17 0.63
27.00 f#5 0.33 0.63
27.67 d4 0.33 0.63
28.00 d4 0.33 0.63
28.33 f#4 0.33 0.63
28.67 a4 0.33 0.63
29.00 g4 0.33 0.63
29.00 a4 0.33 0.63
29.67 a4 0.17 0.63
29.83 a5 0.17 0.63
30.00 a5 0.33 0.63
30.67 a4 0.17 0.63
30.83 g5 0.17 0.63
31.00 g5 0.33 0.63
31.67 c#4 0.33 0.63
32.00 c#4 0.33 0.63
32.33 e4 0.33 0.63
32.67 b4 0.33 0.63
33.00 b4 0.33 0.63
33.67 c#5 0.17 0.63
33.83 b5 0.17 0.63
34.00 b5 0.33 0.63
34.67 c#5 0.17 0.63
34.83 g5 0.17 0.63
35.00 g5 0.33 0.63
35.67 c#4 0.33 0.63
36.00 c#4 0.33 0.63
36.33 e4 0.33 0.63
36.67 b4 0.33 0.63
37.00 b4 0.33 0.63
37.67 d5 0.17 0.63
37.83 b5 0.17 0.63
38.00 b5 0.33 0.63
38.67 d5 0.17 0.63
38.83 f#5 0.17 0.63
39.00 f#5 0.33 0.63
39.67 d4 0.33 0.63
40.00 d4 0.33 0.63
40.33 f#4 0.33 0.63
40.67 a4 0.33 0.63
41.00 d5 0.33 0.63
41.67 d5 0.17 0.63
41.83 d6 0.17 0.63
42.00 d6 0.33 0.63
42.67 d5 0.17 0.63
42.83 a5 0.17 0.63
43.00 a5 0.33 0.63
43.67 d4 0.33 0.63
44.00 d4 0.33 0.63
44.33 f#4 0.33 0.63
44.67 a4 0.33 0.63
45.00 d5 0.33 0.63
45.67 d5 0.17 0.63
45.83 d6 0.17 0.63
46.00 d6 0.33 0.63
46.67 d5 0.17 0.63
46.83 b5 0.17 0.63
47.00 b5 0.33 0.63
47.67 e5 0.33 0.63
48.00 e5 0.33 0.63
48.33 g5 0.33 0.63
48.67 b5 0.17 0.63
49.00 b5 1.33 0.76
50.33 g#5 0.33 0.63
50.67 a5 0.33 0.63
51.00 f#6 1.33 0.76
52.33 d6 0.33 0.63
52.67 f#5 0.33 0.63
53.00 f#5 0.67 0.63
53.67 e5 0.33 0.63
54.00 b5 0.67 0.63
54.67 a5 0.33 0.63
55.00 d5 0.33 0.63
55.50 d5 0.17 0.63
55.67 d5 0.33 0.63
56.33 d6 0.17 0.63
56.67 c#6 0.17 0.63
57.00 c#6 0.33 0.63
57.33 b5 0.17 0.63
57.67 b5 0.17 0.63
58.33 b5 0.17 0.63
58.67 a#5 0.17 0.63
59.00 a#5 0.33 0.63
59.33 b5 0.17 0.63
59.67 b5 0.17 0.63
60.33 e5 0.17 0.63
60.67 e5 0.17 0.63
61.00 f#5 0.67 0.63
61.67 e5 0.17 0.63
62.33 e5 0.17 0.63
62.67 e5 0.17 0.63
63.00 b5 0.67 0.63
63.67 a5 0.17 0.63
64.33 d6 0.17 0.63
64.67 c#6 0.17 0.63
65.00 c#6 0.33 0.63
65.33 b5 0.17 0.63
65.67 b5 0.17 0.63
66.33 b5 0.17 0.63
66.67 c#6 0.17 0.63
67.00 e6 0.33 0.63
67.33 d6 0.17 0.63
67.67 d6 0.17 0.63
68.33 g#5 0.33 0.63
68.67 b5 0.33 0.63
69.00 b5 0.67 0.63
69.67 a5 0.33 0.63
70.00 g#5 0.50 0.63
70.50 f#5 0.17 0.63
70.67 d5 0.17 0.63
70.83 b4 0.17 0.63
71.00 f#5 0.17 0.63
71.17 f#5 0.17 0.63
71.33 f#5 0.17 0.63
71.67 e5 0.17 0.63
72.00 a4 0.17 0.63
73.33 d6 0.17 0.63
73.67 c#6 0.17 0.63
74.00 c#6 0.33 0.63
74.33 b5 0.17 0.63
74.67 b5 0.17 0.63
75.33 b5 0.17 0.63
75.67 a#5 0.17 0.63
76.00 a#5 0.33 0.63
76.33 b5 0.17 0.63
76.67 b5 0.17 0.63
77.33 e5 0.17 0.63
77.67 e5 0.17 0.63
78.00 f#5 0.67 0.63
78.67 e5 0.17 0.63
79.33 e5 0.17 0.63
79.67 e5 0.17 0.63
80.00 b5 0.67 0.63
80.67 a5 0.17 0.63
81.33 d6 0.17 0.63
81.67 c#6 0.17 0.63
82.00 c#6 0.33 0.63
82.33 b5 0.17 0.63
82.67 b5 0.17 0.63
83.33 b5 0.17 0.63
83.67 c#6 0.17 0.63
84.00 e6 0.33 0.63
84.33 d6 0.17 0.63
84.67 d6 0.17 0.63
85.33 g#5 0.33 0.63
85.67 b5 0.33 0.63
86.00 b5 0.67 0.63
86.67 a5 0.33 0.63
87.00 g#5 0.50 0.63
87.50 f#5 0.17 0.63
87.67 d5 0.17 0.63
87.83 b4 0.17 0.63
88.00 f#5 0.17 0.63
88.17 f#5 0.17 0.63
88.33 f#5 0.17 0.63
88.67 e5 0.17 0.63
89.00 a4 0.17 0.63
90.00 a5 0.04 0.63
90.04 b5 0.04 0.63
90.08 a5 0.04 0.63
90.12 b5 0.04 0.63
90.17 a5 0.04 0.63
90.21 b5 0.04 0.63
90.25 a5 0.04 0.63
90.29 b5 0.04 0.63
90.33 a5 0.04 0.63
90.37 b5 0.04 0.63
90.42 a5 0.04 0.63
90.46 b5 0.04 0.63
90.50 a5 0.04 0.63
90.54 b5 0.04 0.63
90.58 a5 0.04 0.63
90.62 b5 0.04 0.63
90.67 a5 0.04 0.63
90.71 b5 0.04 0.63
90.75 a5 0.04 0.63
90.79 b5 0.04 0.63
90.83 a5 0.04 0.63
90.87 b5 0.04 0.63
90.92 a5 0.04 0.63
90.96 b5 0.04 0.63
91.00 a5 0.04 0.63
91.04 b5 0.04 0.63
91.08 a5 0.04 0.63
91.12 b5 0.04 0.63
91.17 a5 0.04 0.63
91.21 b5 0.04 0.63
91.25 a5 0.04 0.63
91.29 b5 0.04 0.63
91.33 a5 0.04 0.63
91.37 b5 0.04 0.63
91.42 a5 0.04 0.63
91.46 b5 0.04 0.63
91.50 a5 0.04 0.63
91.54 b5 0.04 0.63
91.58 a5 0.04 0.63
91.62 b5 0.04 0.63
91.67 a5 0.04 0.63
91.71 b5 0.04 0.63
91.75 a5 0.04 0.63
91.79 b5 0.04 0.63
91.83 a5 0.04 0.63
91.87 b5 0.04 0.63
91.92 a5 0.04 0.63
91.96 b5 0.04 0.63
92.00 a5 0.04 0.63
92.04 b5 0.04 0.63
92.08 a5 0.04 0.63
92.12 b5 0.04 0.63
92.17 a5 0.04 0.63
92.21 b5 0.04 0.63
92.25 a5 0.04 0.63
92.29 b5 0.04 0.63
92.33 a5 0.04 0.63
92.37 b5 0.04 0.63
92.42 a5 0.04 0.63
92.46 b5 0.04 0.63
92.50 a5 0.04 0.63
92.54 b5 0.04 0.63
92.58 a5 0.04 0.63
92.62 b5 0.04 0.63
92.67 a5 0.04 0.63
92.71 b5 0.04 0.63
92.75 a5 0.04 0.63
92.79 b5 0.04 0.63
92.83 a5 0.04 0.63
92.87 b5 0.04 0.63
92.92 a5 0.04 0.63
93.00 d4 0.33 0.63
93.33 f#4 0.33 0.63
93.67 a4 0.33 0.63
94.00 a4 0.33 0.63
94.67 a4 0.17 0.63
92.96 b5 2.04 0.63
94.83 a5 0.17 0.63
95.00 a5 0.33 0.63
95.67 a4 0.17 0.63
95.83 f#5 0.17 0.63
96.00 f#5 0.33 0.63
96.67 d4 0.33 0.63
97.00 d4 0.33 0.63
97.33 f#4 0.33 0.63
97.67 a4 0.33 0.63
98.00 g4 0.33 0.63
98.00 a4 0.33 0.63
98.67 a4 0.17 0.63
98.83 a5 0.17 0.63
99.00 a5 0.33 0.63
99.67 a4 0.17 0.63
99.83 g5 0.17 0.63
100.00 g5 0.33 0.63
100.67 c#4 0.33 0.63
101.00 c#4 0.33 0.63
101.33 e4 0.33 0.63
101.67 b4 0.33 0.63
102.00 b4 0.33 0.63
102.67 c#5 0.17 0.63
102.83 b5 0.17 0.63
103.00 b5 0.33 0.63
103.67 c#5 0.17 0.63
103.83 g5 0.17 0.63
104.00 g5 0.33 0.63
104.67 c#4 0.33 0.63
105.00 c#4 0.33 0.63
105.33 e4 0.33 0.63
105.67 b4 0.33 0.63
106.00 b4 0.33 0.63
106.67 d5 0.17 0.63
106.83 b5 0.17 0.63
107.00 b5 0.33 0.63
107.67 d5 0.17 0.63
107.83 f#5 0.17 0.63
108.00 f#5 0.33 0.63
108.67 d4 0.33 0.63
109.00 d4 0.33 0.63
109.33 f#4 0.33 0.63
109.67 a4 0.33 0.63
110.00 d5 0.33 0.63
110.67 d5 0.17 0.63
110.83 d6 0.17 0.63
111.00 d6 0.33 0.63
111.67 d5 0.17 0.63
111.83 a5 0.17 0.63
112.00 a5 0.33 0.63
112.67 d4 0.33 0.63
113.00 d4 0.33 0.63
113.33 f#4 0.33 0.63
113.67 a4 0.33 0.63
114.00 d5 0.33 0.63
114.67 d5 0.17 0.63
114.83 d6 0.17 0.63
115.00 d6 0.33 0.63
115.67 d5 0.17 0.63
115.83 b5 0.17 0.63
116.00 b5 0.33 0.63
116.67 e5 0.33 0.63
117.00 e5 0.33 0.63
117.33 g5 0.33 0.63
117.67 b5 0.17 0.63
118.00 b5 1.33 0.76
119.33 g#5 0.33 0.63
119.67 a5 0.33 0.63
120.00 f#6 1.33 0.76
121.33 d6 0.33 0.63
121.67 f#5 0.33 0.63
122.00 f#5 0.67 0.63
122.67 e5 0.33 0.63
123.00 b5 0.67 0.63
123.67 a5 0.33 0.63
124.00 d5 0.33 0.63
124.50 d5 0.17 0.63
124.67 d5 0.33 0.63
125.33 d6 0.17 0.63
125.67 c#6 0.17 0.63
126.00 c#6 0.33 0.63
126.33 b5 0.17 0.63
126.67 b5 0.17 0.63
127.33 b5 0.17 0.63
127.67 a#5 0.17 0.63
128.00 a#5 0.33 0.63
128.33 b5 0.17 0.63
128.67 b5 0.17 0.63
129.33 e5 0.17 0.63
129.67 e5 0.17 0.63
130.00 f#5 0.67 0.63
130.67 e5 0.17 0.63
131.33 e5 0.17 0.63
131.67 e5 0.17 0.63
132.00 b5 0.67 0.63
132.67 a5 0.17 0.63
133.33 d6 0.17 0.63
133.67 c#6 0.17 0.63
134.00 c#6 0.33 0.63
134.33 b5 0.17 0.63
134.67 b5 0.17 0.63
135.33 b5 0.17 0.63
135.67 c#6 0.17 0.63
136.00 e6 0.33 0.63
136.33 d6 0.17 0.63
136.67 d6 0.17 0.63
137.33 g#5 0.33 0.63
137.67 b5 0.33 0.63
138.00 b5 0.67 0.63
138.67 a5 0.33 0.63
139.00 g#5 0.50 0.63
139.50 f#5 0.17 0.63
139.67 d5 0.17 0.63
139.83 b4 0.17 0.63
140.00 f#5 0.17 0.63
140.17 f#5 0.17 0.63
140.33 f#5 0.17 0.63
140.67 e5 0.17 0.63
141.00 a4 0.17 0.63
142.00 g3 0.17 0.63
142.17 a3 0.17 0.63
142.33 g3 0.17 0.63
142.50 a3 0.17 0.63
142.67 g3 0.17 0.63
142.83 a3 0.17 0.63
143.00 g3 0.17 0.63
143.17 a3 0.17 0.63
143.33 g3 0.17 0.63
143.50 a3 0.17 0.63
143.67 g3 0.17 0.63
143.83 a3 0.17 0.63
144.00 g3 0.17 0.63
144.17 a3 0.17 0.63
144.33 g3 0.17 0.63
144.50 a3 0.17 0.63
144.67 g3 0.17 0.63
144.83 a3 0.17 0.63
145.00 g3 0.17 0.63
145.17 a3 0.17 0.63
145.33 g3 0.17 0.63
145.50 a3 0.17 0.63
145.67 g3 0.17 0.63
145.83 a3 0.17 0.63
146.00 d4 0.17 0.63
146.17 e4 0.17 0.63
146.33 d4 0.17 0.63
146.50 e4 0.17 0.63
146.67 d4 0.17 0.63
146.83 e4 0.17 0.63
147.00 d4 0.17 0.63
147.17 e4 0.17 0.63
147.33 d4 0.17 0.63
147.50 e4 0.17 0.63
147.67 d4 0.17 0.63
147.83 e4 0.17 0.63
148.00 d4 0.17 0.63
148.17 e4 0.17 0.63
148.33 d4 0.17 0.63
148.50 e4 0.17 0.63
148.67 d4 0.17 0.63
148.83 e4 0.17 0.63
149.00 d4 0.17 0.63
149.17 e4 0.17 0.63
149.33 d4 0.17 0.63
149.50 e4 0.17 0.63
149.67 d4 0.17 0.63
149.83 e4 0.17 0.63
150.00 g3 0.17 0.63
150.17 a3 0.17 0.63
150.33 g3 0.17 0.63
150.50 a3 0.17 0.63
150.67 g3 0.17 0.63
150.83 a3 0.17 0.63
151.00 g3 0.17 0.63
151.17 a3 0.17 0.63
151.33 g3 0.17 0.63
151.50 a3 0.17 0.63
151.67 g3 0.17 0.63
151.83 a3 0.17 0.63
152.00 g3 0.17 0.63
152.17 a3 0.17 0.63
152.33 g3 0.17 0.63
152.50 a3 0.17 0.63
152.67 g3 0.17 0.63
152.83 a3 0.17 0.63
153.00 g3 0.17 0.63
153.17 a3 0.17 0.63
153.33 g3 0.17 0.63
153.50 a3 0.17 0.63
153.67 g3 0.17 0.63
154.00 d5 0.33 0.63
154.33 e5 0.33 0.63
154.67 f#5 0.33 0.63
155.00 a5 0.67 0.63
155.67 g5 0.33 0.63
156.00 f#5 0.17 0.63
156.17 f#5 0.17 0.63
156.33 f#5 0.33 0.63
156.67 e5 0.33 0.63
157.00 d5 0.33 0.63
158.00 g3 0.17 0.63
158.17 a3 0.17 0.63
158.33 g3 0.17 0.63
158.50 a3 0.17 0.63
158.67 g3 0.17 0.63
158.83 a3 0.17 0.63
159.00 g3 0.17 0.63
159.17 a3 0.17 0.63
159.33 g3 0.17 0.63
159.50 a3 0.17 0.63
159.67 g3 0.17 0.63
159.83 a3 0.17 0.63
160.00 g3 0.17 0.63
160.17 a3 0.17 0.63
160.33 g3 0.17 0.63
160.50 a3 0.17 0.63
160.67 g3 0.17 0.63
160.83 a3 0.17 0.63
161.00 g3 0.17 0.63
161.17 a3 0.17 0.63
161.33 g3 0.17 0.63
161.50 a3 0.17 0.63
161.67 g3 0.17 0.63
161.83 a3 0.17 0.63
162.00 d4 0.17 0.63
162.17 e4 0.17 0.63
162.33 d4 0.17 0.63
162.50 e4 0.17 0.63
162.67 d4 0.17 0.63
162.83 e4 0.17 0.63
163.00 d4 0.17 0.63
163.17 e4 0.17 0.63
163.33 d4 0.17 0.63
163.50 e4 0.17 0.63
163.67 d4 0.17 0.63
163.83 e4 0.17 0.63
164.00 d4 0.17 0.63
164.17 e4 0.17 0.63
164.33 d4 0.17 0.63
164.50 e4 0.17 0.63
164.67 d4 0.17 0.63
164.83 e4 0.17 0.63
165.00 d4 0.17 0.63
165.17 e4 0.17 0.63
165.33 d4 0.17 0.63
165.50 e4 0.17 0.63
165.67 d4 0.17 0.63
165.83 e4 0.17 0.63
166.00 g3 0.17 0.63
166.17 a3 0.17 0.63
166.33 g3 0.17 0.63
166.50 a3 0.17 0.63
166.67 g3 0.17 0.63
166.83 a3 0.17 0.63
167.00 g3 0.17 0.63
167.17 a3 0.17 0.63
167.33 g3 0.17 0.63
167.50 a3 0.17 0.63
167.67 g3 0.17 0.63
167.83 a3 0.17 0.63
168.00 g3 0.17 0.63
168.17 a3 0.17 0.63
168.33 g3 0.17 0.63
168.50 a3 0.17 0.63
168.67 g3 0.17 0.63
168.83 a3 0.17 0.63
169.00 g3 0.17 0.63
169.17 a3 0.17 0.63
169.33 g3 0.17 0.63
169.50 a3 0.17 0.63
169.67 g3 0.17 0.63
170.00 d5 0.33 0.63
170.33 e5 0.33 0.63
170.67 f#5 0.33 0.63
171.00 a5 0.67 0.63
171.67 g5 0.33 0.63
172.00 f#5 0.17 0.63
172.17 f#5 0.17 0.63
172.33 f#5 0.33 0.63
172.67 e5 0.33 0.63
173.00 d5 0.33 0.63
end

# Instrument: 

part
num_notes 386
0.00 c#4 0.50 0.63
0.50 e4 0.50 0.63
1.00 d4 0.50 0.63
1.50 f#4 0.50 0.63
2.00 e4 0.50 0.63
2.50 g4 0.50 0.63
3.00 f#4 0.50 0.63
3.50 a4 0.50 0.63
4.00 g4 0.50 0.63
4.50 a4 0.50 0.63
5.00 f#4 0.50 0.63
5.50 a4 0.50 0.63
6.00 f#4 0.50 0.63
6.50 a4 0.50 0.63
7.00 a3 0.33 0.63
7.00 g4 0.33 0.63
9.33 a3 0.33 0.63
9.33 g4 0.33 0.63
9.67 a3 0.33 0.63
9.67 g4 0.33 0.63
10.00 a3 0.33 0.63
10.00 g4 0.33 0.63
11.33 a3 0.33 0.63
11.33 f#4 0.33 0.63
11.67 a3 0.33 0.63
11.67 f#4 0.33 0.63
12.00 a3 0.33 0.63
12.00 f#4 0.33 0.63
13.00 g4 3.00 0.63
16.00 b4 1.00 0.63
17.00 a4 1.00 0.63
18.00 g4 1.00 0.63
25.67 a4 0.17 0.63
25.83 f#5 0.17 0.63
26.00 f#5 0.33 0.63
26.67 a4 0.17 0.63
26.83 d5 0.17 0.63
27.00 d5 0.33 0.63
29.67 a4 0.17 0.63
29.83 f#5 0.17 0.63
30.00 f#5 0.33 0.63
30.67 a4 0.17 0.63
30.83 c#5 0.17 0.63
31.00 c#5 0.33 0.63
33.67 c#5 0.17 0.63
33.83 g5 0.17 0.63
34.00 g5 0.33 0.63
34.67 a4 0.17 0.63
34.83 c#5 0.17 0.63
35.00 c#5 0.33 0.63
37.67 a4 0.17 0.63
37.83 f#5 0.17 0.63
38.00 f#5 0.33 0.63
38.67 a4 0.17 0.63
38.83 d5 0.17 0.63
39.00 d5 0.33 0.63
41.67 d5 0.17 0.63
41.83 a5 0.17 0.63
42.00 a5 0.33 0.63
42.67 d5 0.17 0.63
42.83 f#5 0.17 0.63
43.00 f#5 0.33 0.63
45.67 d5 0.17 0.63
45.83 b5 0.17 0.63
46.00 b5 0.33 0.63
46.67 d5 0.17 0.63
46.83 g5 0.17 0.63
47.00 g5 0.33 0.63
47.67 e4 0.33 0.63
48.00 e4 0.33 0.63
48.33 g4 0.33 0.63
48.67 b4 0.17 0.63
49.00 b4 1.33 0.76
50.33 g#4 0.33 0.63
50.67 a4 0.33 0.63
51.00 a5 1.33 0.76
52.33 d5 0.33 0.63
52.67 f#5 0.33 0.63
53.00 b4 0.67 0.63
53.67 e4 0.33 0.63
54.00 c#5 0.67 0.63
54.67 e4 0.33 0.63
55.00 a3 0.33 0.63
55.00 f#4 0.33 0.63
55.50 a3 0.17 0.63
55.50 f#4 0.17 0.63
55.67 a3 0.33 0.63
55.67 f#4 0.33 0.63
56.33 f#5 0.17 0.63
56.67 e5 0.17 0.63
57.00 e5 0.33 0.63
57.33 d5 0.17 0.63
57.67 d5 0.17 0.63
58.33 d5 0.17 0.63
58.67 c#5 0.17 0.63
59.00 c#5 0.33 0.63
59.33 d5 0.17 0.63
59.67 d5 0.17 0.63
60.00 d4 0.33 0.63
60.00 b4 0.33 0.63
62.00 e5 0.04 0.63
62.04 f#5 0.04 0.63
62.08 e5 0.25 0.63
64.00 e5 0.04 0.63
64.04 f#5 0.04 0.63
64.08 e5 0.25 0.63
64.33 f#5 0.17 0.63
64.67 e5 0.17 0.63
65.00 e5 0.33 0.63
65.33 d5 0.17 0.63
65.67 d5 0.17 0.63
66.33 b4 0.17 0.63
66.67 a#4 0.17 0.63
67.00 c#5 0.33 0.63
67.33 b4 0.17 0.63
67.67 b4 0.17 0.63
68.33 g#4 0.33 0.63
68.67 b4 0.33 0.63
69.00 b4 0.67 0.63
69.67 a4 0.33 0.63
70.00 g#4 0.50 0.63
70.50 f#4 0.17 0.63
70.67 d4 0.17 0.63
70.83 b3 0.17 0.63
71.00 f#4 0.17 0.63
71.17 f#4 0.17 0.63
71.33 f#4 0.17 0.63
71.67 e4 0.17 0.63
72.00 a3 0.17 0.63
73.33 f#5 0.17 0.63
73.67 e5 0.17 0.63
74.00 e5 0.33 0.63
74.33 d5 0.17 0.63
74.67 d5 0.17 0.63
75.33 d5 0.17 0.63
75.67 c#5 0.17 0.63
76.00 c#5 0.33 0.63
76.33 d5 0.17 0.63
76.67 d5 0.17 0.63
77.00 d4 0.33 0.63
77.00 b4 0.33 0.63
79.00 e5 0.04 0.63
79.04 f#5 0.04 0.63
79.08 e5 0.25 0.63
81.00 e5 0.04 0.63
81.04 f#5 0.04 0.63
81.08 e5 0.25 0.63
81.33 f#5 0.17 0.63
81.67 e5 0.17 0.63
82.00 e5 0.33 0.63
82.33 d5 0.17 0.63
82.67 d5 0.17 0.63
83.33 b4 0.17 0.63
83.67 a#4 0.17 0.63
84.00 c#5 0.33 0.63
84.33 b4 0.17 0.63
84.67 b4 0.17 0.63
85.33 g#4 0.33 0.63
85.67 b4 0.33 0.63
86.00 b4 0.67 0.63
86.67 a4 0.33 0.63
87.00 g#4 0.50 0.63
87.50 f#4 0.17 0.63
87.67 d4 0.17 0.63
87.83 b3 0.17 0.63
88.00 f#4 0.17 0.63
88.17 f#4 0.17 0.63
88.33 f#4 0.17 0.63
88.67 e4 0.17 0.63
89.00 a3 0.17 0.63
90.00 g4 1.00 0.63
91.00 e4 1.00 0.63
92.00 g4 1.00 0.63
94.67 a4 0.17 0.63
94.83 f#5 0.17 0.63
95.00 f#5 0.33 0.63
95.67 a4 0.17 0.63
95.83 d5 0.17 0.63
96.00 d5 0.33 0.63
98.67 a4 0.17 0.63
98.83 f#5 0.17 0.63
99.00 f#5 0.33 0.63
99.67 a4 0.17 0.63
99.83 c#5 0.17 0.63
100.00 c#5 0.33 0.63
102.67 c#5 0.17 0.63
102.83 g5 0.17 0.63
103.00 g5 0.33 0.63
103.67 a4 0.17 0.63
103.83 c#5 0.17 0.63
104.00 c#5 0.33 0.63
106.67 a4 0.17 0.63
106.83 f#5 0.17 0.63
107.00 f#5 0.33 0.63
107.67 a4 0.17 0.63
107.83 d5 0.17 0.63
108.00 d5 0.33 0.63
110.67 d5 0.17 0.63
110.83 a5 0.17 0.63
111.00 a5 0.33 0.63
111.67 d5 0.17 0.63
111.83 f#5 0.17 0.63
112.00 f#5 0.33 0.63
114.67 d5 0.17 0.63
114.83 b5 0.17 0.63
115.00 b5 0.33 0.63
115.67 d5 0.17 0.63
115.83 g5 0.17 0.63
116.00 g5 0.33 0.63
116.67 e4 0.33 0.63
117.00 e4 0.33 0.63
117.33 g4 0.33 0.63
117.67 b4 0.17 0.63
118.00 b4 1.33 0.76
119.33 g#4 0.33 0.63
119.67 a4 0.33 0.63
120.00 a5 1.33 0.76
121.33 d5 0.33 0.63
121.67 f#5 0.33 0.63
122.00 b4 0.67 0.63
122.67 e4 0.33 0.63
123.00 c#5 0.67 0.63
123.67 e4 0.33 0.63
124.00 a3 0.33 0.63
124.00 f#4 0.33 0.63
124.50 a3 0.17 0.63
124.50 f#4 0.17 0.63
124.67 a3 0.33 0.63
124.67 f#4 0.33 0.63
125.33 f#5 0.17 0.63
125.67 e5 0.17 0.63
126.00 e5 0.33 0.63
126.33 d5 0.17 0.63
126.67 d5 0.17 0.63
127.33 d5 0.17 0.63
127.67 c#5 0.17 0.63
128.00 c#5 0.33 0.63
128.33 d5 0.17 0.63
128.67 d5 0.17 0.63
129.00 d4 0.33 0.63
129.00 b4 0.33 0.63
131.00 e5 0.04 0.63
131.04 f#5 0.04 0.63
131.08 e5 0.25 0.63
133.00 e5 0.04 0.63
133.04 f#5 0.04 0.63
133.08 e5 0.25 0.63
133.33 f#5 0.17 0.63
133.67 e5 0.17 0.63
134.00 e5 0.33 0.63
134.33 d5 0.17 0.63
134.67 d5 0.17 0.63
135.33 b4 0.17 0.63
135.67 a#4 0.17 0.63
136.00 c#5 0.33 0.63
136.33 b4 0.17 0.63
136.67 b4 0.17 0.63
137.33 g#4 0.33 0.63
137.67 b4 0.33 0.63
138.00 b4 0.67 0.63
138.67 a4 0.33 0.63
139.00 g#4 0.50 0.63
139.50 f#4 0.17 0.63
139.67 d4 0.17 0.63
139.83 b3 0.17 0.63
140.00 f#4 0.17 0.63
140.17 f#4 0.17 0.63
140.33 f#4 0.17 0.63
140.67 e4 0.17 0.63
141.00 a3 0.17 0.63
142.33 a3 0.17 0.63
142.33 e4 0.17 0.63
142.67 a3 0.17 0.63
142.67 e4 0.17 0.63
143.33 a3 0.17 0.63
143.33 e4 0.17 0.63
143.67 a3 0.17 0.63
143.67 e4 0.17 0.63
144.33 a3 0.17 0.63
144.33 e4 0.17 0.63
144.67 a3 0.17 0.63
144.67 e4 0.17 0.63
145.33 a3 0.17 0.63
145.33 e4 0.17 0.63
145.67 a3 0.17 0.63
145.67 e4 0.17 0.63
146.33 a3 0.17 0.63
146.33 f#4 0.17 0.63
146.67 a3 0.17 0.63
146.67 f#4 0.17 0.63
147.33 a3 0.17 0.63
147.33 f#4 0.17 0.63
147.67 a3 0.17 0.63
147.67 f#4 0.17 0.63
148.33 a3 0.17 0.63
148.33 f#4 0.17 0.63
148.67 a3 0.17 0.63
148.67 f#4 0.17 0.63
149.33 a3 0.17 0.63
149.33 f#4 0.17 0.63
149.67 a3 0.17 0.63
149.67 f#4 0.17 0.63
150.33 a3 0.17 0.63
150.33 e4 0.17 0.63
150.67 a3 0.17 0.63
150.67 e4 0.17 0.63
151.33 a3 0.17 0.63
151.33 e4 0.17 0.63
151.67 a3 0.17 0.63
151.67 e4 0.17 0.63
152.33 a3 0.17 0.63
152.33 e4 0.17 0.63
152.67 a3 0.17 0.63
152.67 e4 0.17 0.63
153.33 a3 0.17 0.63
153.33 e4 0.17 0.63
153.67 a3 0.17 0.63
153.67 e4 0.17 0.63
154.00 d4 0.33 0.63
154.33 e4 0.33 0.63
154.67 f#4 0.33 0.63
155.00 a4 0.67 0.63
155.67 g4 0.33 0.63
156.00 a4 0.17 0.63
156.17 a4 0.17 0.63
156.33 a4 0.33 0.63
156.67 g4 0.33 0.63
157.00 f#4 0.33 0.63
158.33 a3 0.17 0.63
158.33 e4 0.17 0.63
158.67 a3 0.17 0.63
158.67 e4 0.17 0.63
159.33 a3 0.17 0.63
159.33 e4 0.17 0.63
159.67 a3 0.17 0.63
159.67 e4 0.17 0.63
160.33 a3 0.17 0.63
160.33 e4 0.17 0.63
160.67 a3 0.17 0.63
160.67 e4 0.17 0.63
161.33 a3 0.17 0.63
161.33 e4 0.17 0.63
161.67 a3 0.17 0.63
161.67 e4 0.17 0.63
162.33 a3 0.17 0.63
162.33 f#4 0.17 0.63
162.67 a3 0.17 0.63
162.67 f#4 0.17 0.63
163.33 a3 0.17 0.63
163.33 f#4 0.17 0.63
163.67 a3 0.17 0.63
163.67 f#4 0.17 0.63
164.33 a3 0.17 0.63
164.33 f#4 0.17 0.63
164.67 a3 0.17 0.63
164.67 f#4 0.17 0.63
165.33 a3 0.17 0.63
165.33 f#4 0.17 0.63
165.67 a3 0.17 0.63
165.67 f#4 0.17 0.63
166.33 a3 0.17 0.63
166.33 e4 0.17 0.63
166.67 a3 0.17 0.63
166.67 e4 0.17 0.63
167.33 a3 0.17 0.63
167.33 e4 0.17 0.63
167.67 a3 0.17 0.63
167.67 e4 0.17 0.63
168.33 a3 0.17 0.63
168.33 e4 0.17 0.63
168.67 a3 0.17 0.63
168.67 e4 0.17 0.63
169.33 a3 0.17 0.63
169.33 e4 0.17 0.63
169.67 a3 0.17 0.63
169.67 e4 0.17 0.63
170.00 d4 0.33 0.63
170.33 e4 0.33 0.63
170.67 f#4 0.33 0.63
171.00 a4 0.67 0.63
171.67 g4 0.33 0.63
172.00 a4 0.17 0.63
172.17 a4 0.17 0.63
172.33 a4 0.33 0.63
172.67 g4 0.33 0.63
173.00 f#4 0.33 0.63
end

# Instrument: 

part
num_notes 436
0.00 a3 0.33 0.63
0.33 a3 0.33 0.63
0.67 a3 0.33 0.63
1.00 a3 0.33 0.63
1.00 d4 0.33 0.63
1.33 a3 0.33 0.63
1.33 d4 0.33 0.63
1.67 a3 0.33 0.63
1.67 d4 0.33 0.63
2.00 a3 0.33 0.63
2.00 e4 0.33 0.63
2.33 a3 0.33 0.63
2.33 e4 0.33 0.63
2.67 a3 0.33 0.63
2.67 e4 0.33 0.63
3.00 a3 0.33 0.63
3.00 d4 0.33 0.63
3.33 a3 0.33 0.63
3.33 d4 0.33 0.63
3.67 a3 0.33 0.63
3.67 d4 0.33 0.63
4.00 c#4 0.33 0.63
4.33 c#4 0.33 0.63
4.67 c#4 0.33 0.63
5.00 a3 0.33 0.63
5.00 d4 0.33 0.63
5.33 a3 0.33 0.63
5.33 d4 0.33 0.63
5.67 a3 0.33 0.63
5.67 d4 0.33 0.63
6.00 d#4 0.33 0.63
6.33 d#4 0.33 0.63
6.67 d#4 0.33 0.63
7.00 e4 0.33 0.63
9.33 e4 0.33 0.63
9.67 e4 0.33 0.63
10.00 e4 0.33 0.63
11.33 d4 0.33 0.63
11.67 d4 0.33 0.63
12.00 d4 0.33 0.63
13.00 e4 1.00 0.63
14.00 d4 1.00 0.63
15.00 c#4 1.00 0.63
16.00 g4 1.00 0.63
17.00 f#4 1.00 0.63
18.00 e4 1.00 0.63
25.33 a3 0.33 0.63
25.33 d4 0.33 0.63
25.67 a3 0.33 0.63
25.67 d4 0.33 0.63
26.33 a3 0.33 0.63
26.33 d4 0.33 0.63
26.67 a3 0.33 0.63
26.67 d4 0.33 0.63
27.33 a3 0.33 0.63
27.33 d4 0.33 0.63
27.67 a3 0.33 0.63
27.67 d4 0.33 0.63
28.33 a3 0.33 0.63
28.33 d4 0.33 0.63
28.67 a3 0.33 0.63
28.67 d4 0.33 0.63
29.33 c#4 0.33 0.63
29.67 c#4 0.33 0.63
30.33 c#4 0.33 0.63
30.67 c#4 0.33 0.63
31.33 c#4 0.33 0.63
31.67 c#4 0.33 0.63
32.33 c#4 0.33 0.63
32.67 c#4 0.33 0.63
33.33 g3 0.33 0.63
33.33 c#4 0.33 0.63
33.67 g3 0.33 0.63
33.67 c#4 0.33 0.63
34.33 g3 0.33 0.63
34.33 c#4 0.33 0.63
34.67 g3 0.33 0.63
34.67 c#4 0.33 0.63
35.33 g3 0.33 0.63
35.33 c#4 0.33 0.63
35.67 g3 0.33 0.63
35.67 c#4 0.33 0.63
36.33 g3 0.33 0.63
36.33 c#4 0.33 0.63
36.67 g3 0.33 0.63
36.67 c#4 0.33 0.63
37.33 a3 0.33 0.63
37.33 d4 0.33 0.63
37.67 a3 0.33 0.63
37.67 d4 0.33 0.63
38.33 a3 0.33 0.63
38.33 d4 0.33 0.63
38.67 a3 0.33 0.63
38.67 d4 0.33 0.63
39.33 a3 0.33 0.63
39.33 d4 0.33 0.63
39.67 a3 0.33 0.63
39.67 d4 0.33 0.63
40.33 a3 0.33 0.63
40.33 d4 0.33 0.63
40.67 a3 0.33 0.63
40.67 d4 0.33 0.63
41.33 a3 0.33 0.63
41.33 d4 0.33 0.63
41.67 a3 0.33 0.63
41.67 d4 0.33 0.63
42.33 a3 0.33 0.63
42.33 d4 0.33 0.63
42.67 a3 0.33 0.63
42.67 d4 0.33 0.63
43.33 a3 0.33 0.63
43.33 d4 0.33 0.63
43.67 a3 0.33 0.63
43.67 d4 0.33 0.63
44.33 a3 0.33 0.63
44.33 d4 0.33 0.63
44.67 a3 0.33 0.63
44.67 d4 0.33 0.63
45.33 e4 0.33 0.63
45.67 e4 0.33 0.63
46.33 e4 0.33 0.63
46.67 e4 0.33 0.63
47.00 e4 0.33 0.63
47.67 e3 0.33 0.63
48.00 e3 0.33 0.63
48.33 g3 0.33 0.63
48.67 b3 0.17 0.63
49.33 g3 0.33 0.63
49.33 c#4 0.33 0.63
49.67 g3 0.33 0.63
49.67 c#4 0.33 0.63
50.33 g3 0.33 0.63
50.33 c#4 0.33 0.63
50.67 g3 0.33 0.63
50.67 c#4 0.33 0.63
51.33 a3 0.33 0.63
51.33 d4 0.33 0.63
51.67 a3 0.33 0.63
51.67 d4 0.33 0.63
52.33 a3 0.33 0.63
52.33 d4 0.33 0.63
52.67 a3 0.33 0.63
52.67 d4 0.33 0.63
53.00 d4 1.00 0.63
54.00 g3 1.00 0.63
55.00 a3 0.33 0.63
55.00 d4 0.33 0.63
55.50 a3 0.17 0.63
55.50 d4 0.17 0.63
55.67 a3 0.33 0.63
55.67 d4 0.33 0.63
56.33 d5 0.17 0.63
56.67 c#5 0.17 0.63
57.00 e4 1.00 0.63
58.00 e4 1.00 0.63
59.00 e4 1.00 0.63
60.33 g#3 0.33 0.63
60.33 d4 0.33 0.63
60.67 g#3 0.33 0.63
60.67 d4 0.33 0.63
61.33 c#4 0.33 0.63
61.33 a4 0.33 0.63
61.67 c#4 0.33 0.63
61.67 a4 0.33 0.63
62.00 e4 0.33 0.63
62.00 c#5 0.33 0.63
62.33 c#4 0.33 0.63
62.67 c#4 0.33 0.63
63.33 c#4 0.33 0.63
63.33 a4 0.33 0.63
63.67 c#4 0.33 0.63
63.67 a4 0.33 0.63
64.00 e4 0.33 0.63
64.00 c#5 0.33 0.63
64.33 c#4 0.33 0.63
64.67 c#4 0.33 0.63
65.00 e4 1.00 0.63
66.00 e4 1.00 0.63
67.00 e4 1.00 0.63
68.00 d4 0.67 0.63
68.00 g#4 0.67 0.63
68.67 d4 0.33 0.63
69.00 c#4 1.00 0.63
70.00 f#3 1.00 0.63
71.00 d4 0.17 0.63
71.17 d4 0.17 0.63
71.33 d4 0.17 0.63
71.67 d4 0.17 0.63
72.00 c#4 0.17 0.63
73.33 d5 0.17 0.63
73.67 c#5 0.17 0.63
74.00 e4 1.00 0.63
75.00 e4 1.00 0.63
76.00 e4 1.00 0.63
77.33 g#3 0.33 0.63
77.33 d4 0.33 0.63
77.67 g#3 0.33 0.63
77.67 d4 0.33 0.63
78.33 c#4 0.33 0.63
78.33 a4 0.33 0.63
78.67 c#4 0.33 0.63
78.67 a4 0.33 0.63
79.00 e4 0.33 0.63
79.00 c#5 0.33 0.63
79.33 c#4 0.33 0.63
79.67 c#4 0.33 0.63
80.33 c#4 0.33 0.63
80.33 a4 0.33 0.63
80.67 c#4 0.33 0.63
80.67 a4 0.33 0.63
81.00 e4 0.33 0.63
81.00 c#5 0.33 0.63
81.33 c#4 0.33 0.63
81.67 c#4 0.33 0.63
82.00 e4 1.00 0.63
83.00 e4 1.00 0.63
84.00 e4 1.00 0.63
85.00 d4 0.67 0.63
85.00 g#4 0.67 0.63
85.67 d4 0.33 0.63
86.00 c#4 1.00 0.63
87.00 f#3 1.00 0.63
88.00 d4 0.17 0.63
88.17 d4 0.17 0.63
88.33 d4 0.17 0.63
88.67 d4 0.17 0.63
89.00 c#4 0.17 0.63
90.00 e4 1.00 0.63
91.00 a3 1.00 0.63
92.00 e4 1.00 0.63
94.33 a3 0.33 0.63
94.33 d4 0.33 0.63
94.67 a3 0.33 0.63
94.67 d4 0.33 0.63
95.33 a3 0.33 0.63
95.33 d4 0.33 0.63
95.67 a3 0.33 0.63
95.67 d4 0.33 0.63
96.33 a3 0.33 0.63
96.33 d4 0.33 0.63
96.67 a3 0.33 0.63
96.67 d4 0.33 0.63
97.33 a3 0.33 0.63
97.33 d4 0.33 0.63
97.67 a3 0.33 0.63
97.67 d4 0.33 0.63
98.33 c#4 0.33 0.63
98.67 c#4 0.33 0.63
99.33 c#4 0.33 0.63
99.67 c#4 0.33 0.63
100.33 c#4 0.33 0.63
100.67 c#4 0.33 0.63
101.33 c#4 0.33 0.63
101.67 c#4 0.33 0.63
102.33 g3 0.33 0.63
102.33 c#4 0.33 0.63
102.67 g3 0.33 0.63
102.67 c#4 0.33 0.63
103.33 g3 0.33 0.63
103.33 c#4 0.33 0.63
103.67 g3 0.33 0.63
103.67 c#4 0.33 0.63
104.33 g3 0.33 0.63
104.33 c#4 0.33 0.63
104.67 g3 0.33 0.63
104.67 c#4 0.33 0.63
105.33 g3 0.33 0.63
105.33 c#4 0.33 0.63
105.67 g3 0.33 0.63
105.67 c#4 0.33 0.63
106.33 a3 0.33 0.63
106.33 d4 0.33 0.63
106.67 a3 0.33 0.63
106.67 d4 0.33 0.63
107.33 a3 0.33 0.63
107.33 d4 0.33 0.63
107.67 a3 0.33 0.63
107.67 d4 0.33 0.63
108.33 a3 0.33 0.63
108.33 d4 0.33 0.63
108.67 a3 0.33 0.63
108.67 d4 0.33 0.63
109.33 a3 0.33 0.63
109.33 d4 0.33 0.63
109.67 a3 0.33 0.63
109.67 d4 0.33 0.63
110.33 a3 0.33 0.63
110.33 d4 0.33 0.63
110.67 a3 0.33 0.63
110.67 d4 0.33 0.63
111.33 a3 0.33 0.63
111.33 d4 0.33 0.63
111.67 a3 0.33 0.63
111.67 d4 0.33 0.63
112.33 a3 0.33 0.63
112.33 d4 0.33 0.63
112.67 a3 0.33 0.63
112.67 d4 0.33 0.63
113.33 a3 0.33 0.63
113.33 d4 0.33 0.63
113.67 a3 0.33 0.63
113.67 d4 0.33 0.63
114.33 e4 0.33 0.63
114.67 e4 0.33 0.63
115.33 e4 0.33 0.63
115.67 e4 0.33 0.63
116.00 e4 0.33 0.63
116.67 e3 0.33 0.63
117.00 e3 0.33 0.63
117.33 g3 0.33 0.63
117.67 b3 0.17 0.63
118.33 g3 0.33 0.63
118.33 c#4 0.33 0.63
118.67 g3 0.33 0.63
118.67 c#4 0.33 0.63
119.33 g3 0.33 0.63
119.33 c#4 0.33 0.63
119.67 g3 0.33 0.63
119.67 c#4 0.33 0.63
120.33 a3 0.33 0.63
120.33 d4 0.33 0.63
120.67 a3 0.33 0.63
120.67 d4 0.33 0.63
121.33 a3 0.33 0.63
121.33 d4 0.33 0.63
121.67 a3 0.33 0.63
121.67 d4 0.33 0.63
122.00 d4 1.00 0.63
123.00 g3 1.00 0.63
124.00 a3 0.33 0.63
124.00 d4 0.33 0.63
124.50 a3 0.17 0.63
124.50 d4 0.17 0.63
124.67 a3 0.33 0.63
124.67 d4 0.33 0.63
125.33 d5 0.17 0.63
125.67 c#5 0.17 0.63
126.00 e4 1.00 0.63
127.00 e4 1.00 0.63
128.00 e4 1.00 0.63
129.33 g#3 0.33 0.63
129.33 d4 0.33 0.63
129.67 g#3 0.33 0.63
129.67 d4 0.33 0.63
130.33 c#4 0.33 0.63
130.33 a4 0.33 0.63
130.67 c#4 0.33 0.63
130.67 a4 0.33 0.63
131.00 e4 0.33 0.63
131.00 c#5 0.33 0.63
131.33 c#4 0.33 0.63
131.67 c#4 0.33 0.63
132.33 c#4 0.33 0.63
132.33 a4 0.33 0.63
132.67 c#4 0.33 0.63
132.67 a4 0.33 0.63
133.00 e4 0.33 0.63
133.00 c#5 0.33 0.63
133.33 c#4 0.33 0.63
133.67 c#4 0.33 0.63
134.00 e4 1.00 0.63
135.00 e4 1.00 0.63
136.00 e4 1.00 0.63
137.00 d4 0.67 0.63
137.00 g#4 0.67 0.63
137.67 d4 0.33 0.63
138.00 c#4 1.00 0.63
139.00 f#3 1.00 0.63
140.00 d4 0.17 0.63
140.17 d4 0.17 0.63
140.33 d4 0.17 0.63
140.67 d4 0.17 0.63
141.00 c#4 0.17 0.63
142.00 g4 0.33 0.63
142.67 a4 0.33 0.63
143.00 g4 0.33 0.63
143.67 a4 0.33 0.63
144.00 f#5 1.33 0.63
145.33 e5 0.33 0.63
145.67 a4 0.33 0.63
146.00 f#4 0.33 0.63
146.67 a4 0.33 0.63
147.00 f#4 0.33 0.63
147.67 a4 0.33 0.63
148.00 e5 1.33 0.63
149.33 d5 0.33 0.63
149.67 a4 0.33 0.63
150.00 g4 0.33 0.63
150.67 a4 0.33 0.63
151.00 g4 0.33 0.63
151.67 a4 0.33 0.63
152.00 f#5 1.33 0.63
153.33 e5 0.33 0.63
153.67 a4 0.33 0.63
154.00 d4 0.33 0.63
154.33 c#4 0.33 0.63
154.67 c4 0.33 0.63
155.00 d#4 0.67 0.63
155.67 e4 0.33 0.63
156.00 f#4 0.17 0.63
156.17 f#4 0.17 0.63
156.33 f#4 0.33 0.63
156.67 e4 0.33 0.63
157.00 d4 0.33 0.63
157.67 a4 0.33 0.63
158.00 g4 0.33 0.63
158.67 a4 0.33 0.63
159.00 g4 0.33 0.63
159.67 a4 0.33 0.63
160.00 f#5 1.33 0.63
161.33 e5 0.33 0.63
161.67 a4 0.33 0.63
162.00 f#4 0.33 0.63
162.67 a4 0.33 0.63
163.00 f#4 0.33 0.63
163.67 a4 0.33 0.63
164.00 e5 1.33 0.63
165.33 d5 0.33 0.63
165.67 a4 0.33 0.63
166.00 g4 0.33 0.63
166.67 a4 0.33 0.63
167.00 g4 0.33 0.63
167.67 a4 0.33 0.63
168.00 f#5 1.33 0.63
169.33 e5 0.33 0.63
169.67 a4 0.33 0.63
170.00 d4 0.33 0.63
170.33 c#4 0.33 0.63
170.67 c4 0.33 0.63
171.00 d#4 0.67 0.63
171.67 e4 0.33 0.63
172.00 f#4 0.17 0.63
172.17 f#4 0.17 0.63
172.33 f#4 0.33 0.63
172.67 e4 0.33 0.63
173.00 d4 0.33 0.63
end

# Instrument: 

part
num_notes 527
0.00 c#3 0.33 0.63
0.33 a2 0.33 0.63
0.67 c#3 0.33 0.63
1.00 d3 0.33 0.63
1.33 a2 0.33 0.63
1.67 d3 0.33 0.63
2.00 e3 0.33 0.63
2.33 a2 0.33 0.63
2.67 e3 0.33 0.63
3.00 d3 0.33 0.63
3.33 a2 0.33 0.63
3.67 d3 0.33 0.63
4.00 c#4 0.33 0.63
4.33 a3 0.33 0.63
4.67 c#4 0.33 0.63
5.00 d4 0.33 0.63
5.33 a3 0.33 0.63
5.67 d4 0.33 0.63
6.00 d#4 0.33 0.63
6.33 a3 0.33 0.63
6.67 d#4 0.33 0.63
7.00 e4 0.33 0.63
9.33 a3 0.33 0.63
9.67 a3 0.33 0.63
10.00 a3 0.33 0.63
11.33 a3 0.33 0.63
11.67 a3 0.33 0.63
12.00 a3 0.33 0.63
13.00 a3 1.00 0.63
14.00 a3 1.00 0.63
15.00 a3 1.00 0.63
16.00 a3 1.00 0.63
17.00 a3 1.00 0.63
18.00 a3 0.67 0.63
19.00 a2 0.33 0.63
20.00 g2 0.33 0.63
21.00 e2 0.33 0.63
25.00 d3 0.33 0.63
25.33 f#3 0.33 0.63
25.33 a3 0.33 0.63
25.67 f#3 0.33 0.63
25.67 a3 0.33 0.63
26.00 d3 0.33 0.63
26.33 f#3 0.33 0.63
26.33 a3 0.33 0.63
26.67 f#3 0.33 0.63
26.67 a3 0.33 0.63
27.00 d3 0.33 0.63
27.33 f#3 0.33 0.63
27.33 a3 0.33 0.63
27.67 f#3 0.33 0.63
27.67 a3 0.33 0.63
28.00 d3 0.33 0.63
28.33 f#3 0.33 0.63
28.33 a3 0.33 0.63
28.67 f#3 0.33 0.63
28.67 a3 0.33 0.63
29.00 e3 0.33 0.63
29.33 g3 0.33 0.63
29.33 a3 0.33 0.63
29.67 g3 0.33 0.63
29.67 a3 0.33 0.63
30.00 e3 0.33 0.63
30.33 g3 0.33 0.63
30.33 a3 0.33 0.63
30.67 g3 0.33 0.63
30.67 a3 0.33 0.63
31.00 e3 0.33 0.63
31.33 g3 0.33 0.63
31.33 a3 0.33 0.63
31.67 g3 0.33 0.63
31.67 a3 0.33 0.63
32.00 e3 0.33 0.63
32.33 g3 0.33 0.63
32.33 a3 0.33 0.63
32.67 g3 0.33 0.63
32.67 a3 0.33 0.63
33.00 a2 0.33 0.63
33.33 e3 0.33 0.63
33.33 a3 0.33 0.63
33.67 e3 0.33 0.63
33.67 a3 0.33 0.63
34.00 a2 0.33 0.63
34.33 e3 0.33 0.63
34.33 a3 0.33 0.63
34.67 e3 0.33 0.63
34.67 a3 0.33 0.63
35.00 a2 0.33 0.63
35.33 e3 0.33 0.63
35.33 a3 0.33 0.63
35.67 e3 0.33 0.63
35.67 a3 0.33 0.63
36.00 a2 0.33 0.63
36.33 e3 0.33 0.63
36.33 a3 0.33 0.63
36.67 e3 0.33 0.63
36.67 a3 0.33 0.63
37.00 d3 0.33 0.63
37.33 f#3 0.33 0.63
37.33 a3 0.33 0.63
37.67 f#3 0.33 0.63
37.67 a3 0.33 0.63
38.00 d3 0.33 0.63
38.33 f#3 0.33 0.63
38.33 a3 0.33 0.63
38.67 f#3 0.33 0.63
38.67 a3 0.33 0.63
39.00 d3 0.33 0.63
39.33 f#3 0.33 0.63
39.33 a3 0.33 0.63
39.67 f#3 0.33 0.63
39.67 a3 0.33 0.63
40.00 d3 0.33 0.63
40.33 f#3 0.33 0.63
40.33 a3 0.33 0.63
40.67 f#3 0.33 0.63
40.67 a3 0.33 0.63
41.00 f#2 0.33 0.63
41.33 d3 0.33 0.63
41.33 a3 0.33 0.63
41.67 d3 0.33 0.63
41.67 a3 0.33 0.63
42.00 f#2 0.33 0.63
42.33 d3 0.33 0.63
42.33 a3 0.33 0.63
42.67 d3 0.33 0.63
42.67 a3 0.33 0.63
43.00 f#2 0.33 0.63
43.33 d3 0.33 0.63
43.33 a3 0.33 0.63
43.67 d3 0.33 0.63
43.67 a3 0.33 0.63
44.00 f#2 0.33 0.63
44.33 d3 0.33 0.63
44.33 a3 0.33 0.63
44.67 d3 0.33 0.63
44.67 a3 0.33 0.63
45.00 g2 0.33 0.63
45.33 d3 0.33 0.63
45.33 b3 0.33 0.63
45.67 d3 0.33 0.63
45.67 b3 0.33 0.63
46.00 g2 0.33 0.63
46.33 d3 0.33 0.63
46.33 b3 0.33 0.63
46.67 d3 0.33 0.63
46.67 b3 0.33 0.63
47.00 g2 0.33 0.63
47.67 e2 0.33 0.63
48.00 e2 0.33 0.63
48.33 g2 0.33 0.63
48.67 b2 0.17 0.63
49.00 e3 0.33 0.76
49.33 g3 0.33 0.63
49.33 b3 0.33 0.63
49.67 g3 0.33 0.63
49.67 b3 0.33 0.63
50.00 a2 0.33 0.63
50.33 e3 0.33 0.63
50.33 b3 0.33 0.63
50.67 e3 0.33 0.63
50.67 b3 0.33 0.63
51.00 d3 0.33 0.63
51.33 f#3 0.33 0.63
51.33 a3 0.33 0.63
51.67 f#3 0.33 0.63
51.67 a3 0.33 0.63
52.00 f#2 0.33 0.63
52.33 d3 0.33 0.63
52.33 a3 0.33 0.63
52.67 d3 0.33 0.63
52.67 a3 0.33 0.63
53.00 g2 1.00 0.76
54.00 a2 1.00 0.76
55.00 d3 0.33 0.63
55.50 d3 0.17 0.63
55.67 d3 0.33 0.63
57.00 e3 0.33 0.63
57.33 g#3 0.33 0.63
57.67 g#3 0.33 0.63
58.00 e3 0.33 0.63
58.33 g#3 0.33 0.63
58.67 f#3 0.33 0.63
59.00 e3 0.33 0.63
59.33 g#3 0.33 0.63
59.67 g#3 0.33 0.63
60.00 e3 0.33 0.63
60.33 g#3 0.33 0.63
60.67 f#3 0.33 0.63
61.00 a2 0.33 0.63
61.33 e3 0.33 0.63
61.67 e3 0.33 0.63
62.00 a2 0.33 0.63
62.33 e3 0.33 0.63
62.67 e3 0.33 0.63
63.00 a2 0.33 0.63
63.33 e3 0.33 0.63
63.67 e3 0.33 0.63
64.00 a2 0.33 0.63
64.33 e3 0.33 0.63
64.67 e3 0.33 0.63
65.00 e3 0.33 0.63
65.33 g#3 0.33 0.63
65.67 g#3 0.33 0.63
66.00 e3 0.33 0.63
66.33 g#3 0.33 0.63
66.67 f#3 0.33 0.63
67.00 e3 0.33 0.63
67.33 g#3 0.33 0.63
67.67 g#3 0.33 0.63
68.00 e3 0.33 0.63
68.33 g#3 0.33 0.63
68.67 f3 0.33 0.63
69.00 f#3 1.00 0.63
70.00 d3 1.00 0.63
71.00 e2 0.17 0.63
71.33 g#2 0.17 0.63
71.67 e2 0.17 0.63
72.00 a2 0.17 0.63
74.00 e3 0.33 0.63
74.33 g#3 0.33 0.63
74.67 g#3 0.33 0.63
75.00 e3 0.33 0.63
75.33 g#3 0.33 0.63
75.67 f#3 0.33 0.63
76.00 e3 0.33 0.63
76.33 g#3 0.33 0.63
76.67 g#3 0.33 0.63
77.00 e3 0.33 0.63
77.33 g#3 0.33 0.63
77.67 f#3 0.33 0.63
78.00 a2 0.33 0.63
78.33 e3 0.33 0.63
78.67 e3 0.33 0.63
79.00 a2 0.33 0.63
79.33 e3 0.33 0.63
79.67 e3 0.33 0.63
80.00 a2 0.33 0.63
80.33 e3 0.33 0.63
80.67 e3 0.33 0.63
81.00 a2 0.33 0.63
81.33 e3 0.33 0.63
81.67 e3 0.33 0.63
82.00 e3 0.33 0.63
82.33 g#3 0.33 0.63
82.67 g#3 0.33 0.63
83.00 e3 0.33 0.63
83.33 g#3 0.33 0.63
83.67 f#3 0.33 0.63
84.00 e3 0.33 0.63
84.33 g#3 0.33 0.63
84.67 g#3 0.33 0.63
85.00 e3 0.33 0.63
85.33 g#3 0.33 0.63
85.67 f3 0.33 0.63
86.00 f#3 1.00 0.63
87.00 d3 1.00 0.63
88.00 e2 0.17 0.63
88.33 g#2 0.17 0.63
88.67 e2 0.17 0.63
89.00 a2 0.17 0.63
94.00 d3 0.33 0.63
94.33 f#3 0.33 0.63
94.33 a3 0.33 0.63
94.67 f#3 0.33 0.63
94.67 a3 0.33 0.63
95.00 d3 0.33 0.63
95.33 f#3 0.33 0.63
95.33 a3 0.33 0.63
95.67 f#3 0.33 0.63
95.67 a3 0.33 0.63
96.00 d3 0.33 0.63
96.33 f#3 0.33 0.63
96.33 a3 0.33 0.63
96.67 f#3 0.33 0.63
96.67 a3 0.33 0.63
97.00 d3 0.33 0.63
97.33 f#3 0.33 0.63
97.33 a3 0.33 0.63
97.67 f#3 0.33 0.63
97.67 a3 0.33 0.63
98.00 e3 0.33 0.63
98.33 g3 0.33 0.63
98.33 a3 0.33 0.63
98.67 g3 0.33 0.63
98.67 a3 0.33 0.63
99.00 e3 0.33 0.63
99.33 g3 0.33 0.63
99.33 a3 0.33 0.63
99.67 g3 0.33 0.63
99.67 a3 0.33 0.63
100.00 e3 0.33 0.63
100.33 g3 0.33 0.63
100.33 a3 0.33 0.63
100.67 g3 0.33 0.63
100.67 a3 0.33 0.63
101.00 e3 0.33 0.63
101.33 g3 0.33 0.63
101.33 a3 0.33 0.63
101.67 g3 0.33 0.63
101.67 a3 0.33 0.63
102.00 a2 0.33 0.63
102.33 e3 0.33 0.63
102.33 a3 0.33 0.63
102.67 e3 0.33 0.63
102.67 a3 0.33 0.63
103.00 a2 0.33 0.63
103.33 e3 0.33 0.63
103.33 a3 0.33 0.63
103.67 e3 0.33 0.63
103.67 a3 0.33 0.63
104.00 a2 0.33 0.63
104.33 e3 0.33 0.63
104.33 a3 0.33 0.63
104.67 e3 0.33 0.63
104.67 a3 0.33 0.63
105.00 a2 0.33 0.63
105.33 e3 0.33 0.63
105.33 a3 0.33 0.63
105.67 e3 0.33 0.63
105.67 a3 0.33 0.63
106.00 d3 0.33 0.63
106.33 f#3 0.33 0.63
106.33 a3 0.33 0.63
106.67 f#3 0.33 0.63
106.67 a3 0.33 0.63
107.00 d3 0.33 0.63
107.33 f#3 0.33 0.63
107.33 a3 0.33 0.63
107.67 f#3 0.33 0.63
107.67 a3 0.33 0.63
108.00 d3 0.33 0.63
108.33 f#3 0.33 0.63
108.33 a3 0.33 0.63
108.67 f#3 0.33 0.63
108.67 a3 0.33 0.63
109.00 d3 0.33 0.63
109.33 f#3 0.33 0.63
109.33 a3 0.33 0.63
109.67 f#3 0.33 0.63
109.67 a3 0.33 0.63
110.00 f#2 0.33 0.63
110.33 d3 0.33 0.63
110.33 a3 0.33 0.63
110.67 d3 0.33 0.63
110.67 a3 0.33 0.63
111.00 f#2 0.33 0.63
111.33 d3 0.33 0.63
111.33 a3 0.33 0.63
111.67 d3 0.33 0.63
111.67 a3 0.33 0.63
112.00 f#2 0.33 0.63
112.33 d3 0.33 0.63
112.33 a3 0.33 0.63
112.67 d3 0.33 0.63
112.67 a3 0.33 0.63
113.00 f#2 0.33 0.63
113.33 d3 0.33 0.63
113.33 a3 0.33 0.63
113.67 d3 0.33 0.63
113.67 a3 0.33 0.63
114.00 g2 0.33 0.63
114.33 d3 0.33 0.63
114.33 b3 0.33 0.63
114.67 d3 0.33 0.63
114.67 b3 0.33 0.63
115.00 g2 0.33 0.63
115.33 d3 0.33 0.63
115.33 b3 0.33 0.63
115.67 d3 0.33 0.63
115.67 b3 0.33 0.63
116.00 g2 0.33 0.63
116.67 e2 0.33 0.63
117.00 e2 0.33 0.63
117.33 g2 0.33 0.63
117.67 b2 0.17 0.63
118.00 e3 0.33 0.76
118.33 g3 0.33 0.63
118.33 b3 0.33 0.63
118.67 g3 0.33 0.63
118.67 b3 0.33 0.63
119.00 a2 0.33 0.63
119.33 e3 0.33 0.63
119.33 b3 0.33 0.63
119.67 e3 0.33 0.63
119.67 b3 0.33 0.63
120.00 d3 0.33 0.63
120.33 f#3 0.33 0.63
120.33 a3 0.33 0.63
120.67 f#3 0.33 0.63
120.67 a3 0.33 0.63
121.00 f#2 0.33 0.63
121.33 d3 0.33 0.63
121.33 a3 0.33 0.63
121.67 d3 0.33 0.63
121.67 a3 0.33 0.63
122.00 g2 1.00 0.76
123.00 a2 1.00 0.76
124.00 d3 0.33 0.63
124.50 d3 0.17 0.63
124.67 d3 0.33 0.63
126.00 e3 0.33 0.63
126.33 g#3 0.33 0.63
126.67 g#3 0.33 0.63
127.00 e3 0.33 0.63
127.33 g#3 0.33 0.63
127.67 f#3 0.33 0.63
128.00 e3 0.33 0.63
128.33 g#3 0.33 0.63
128.67 g#3 0.33 0.63
129.00 e3 0.33 0.63
129.33 g#3 0.33 0.63
129.67 f#3 0.33 0.63
130.00 a2 0.33 0.63
130.33 e3 0.33 0.63
130.67 e3 0.33 0.63
131.00 a2 0.33 0.63
131.33 e3 0.33 0.63
131.67 e3 0.33 0.63
132.00 a2 0.33 0.63
132.33 e3 0.33 0.63
132.67 e3 0.33 0.63
133.00 a2 0.33 0.63
133.33 e3 0.33 0.63
133.67 e3 0.33 0.63
134.00 e3 0.33 0.63
134.33 g#3 0.33 0.63
134.67 g#3 0.33 0.63
135.00 e3 0.33 0.63
135.33 g#3 0.33 0.63
135.67 f#3 0.33 0.63
136.00 e3 0.33 0.63
136.33 g#3 0.33 0.63
136.67 g#3 0.33 0.63
137.00 e3 0.33 0.63
137.33 g#3 0.33 0.63
137.67 f3 0.33 0.63
138.00 f#3 1.00 0.63
139.00 d3 1.00 0.63
140.00 e2 0.17 0.63
140.33 g#2 0.17 0.63
140.67 e2 0.17 0.63
141.00 a2 0.17 0.63
142.00 e3 0.33 0.63
142.33 c#4 0.33 0.63
142.67 c#4 0.33 0.63
143.00 a2 0.33 0.63
143.33 c#4 0.33 0.63
143.67 c#4 0.33 0.63
144.00 e3 0.33 0.63
144.33 c#4 0.33 0.63
144.67 c#4 0.33 0.63
145.00 a2 0.33 0.63
145.33 c#4 0.33 0.63
145.67 c#4 0.33 0.63
146.00 d3 0.33 0.63
146.33 d4 0.33 0.63
146.67 d4 0.33 0.63
147.00 a2 0.33 0.63
147.33 d4 0.33 0.63
147.67 d4 0.33 0.63
148.00 d3 0.33 0.63
148.33 d4 0.33 0.63
148.67 d4 0.33 0.63
149.00 a2 0.33 0.63
149.33 d4 0.33 0.63
149.67 d4 0.33 0.63
150.00 e3 0.33 0.63
150.33 c#4 0.33 0.63
150.67 c#4 0.33 0.63
151.00 a2 0.33 0.63
151.33 c#4 0.33 0.63
151.67 c#4 0.33 0.63
152.00 e3 0.33 0.63
152.33 c#4 0.33 0.63
152.67 c#4 0.33 0.63
153.00 a2 0.33 0.63
153.33 c#4 0.33 0.63
153.67 c#4 0.33 0.63
154.00 d3 1.00 0.63
155.00 g2 1.00 0.63
156.00 a2 0.33 0.63
156.33 a3 0.33 0.63
156.67 a2 0.33 0.63
157.00 d3 0.33 0.63
158.00 e3 0.33 0.63
158.33 c#4 0.33 0.63
158.67 c#4 0.33 0.63
159.00 a2 0.33 0.63
159.33 c#4 0.33 0.63
159.67 c#4 0.33 0.63
160.00 e3 0.33 0.63
160.33 c#4 0.33 0.63
160.67 c#4 0.33 0.63
161.00 a2 0.33 0.63
161.33 c#4 0.33 0.63
161.67 c#4 0.33 0.63
162.00 d3 0.33 0.63
162.33 d4 0.33 0.63
162.67 d4 0.33 0.63
163.00 a2 0.33 0.63
163.33 d4 0.33 0.63
163.67 d4 0.33 0.63
164.00 d3 0.33 0.63
164.33 d4 0.33 0.63
164.67 d4 0.33 0.63
165.00 a2 0.33 0.63
165.33 d4 0.33 0.63
165.67 d4 0.33 0.63
166.00 e3 0.33 0.63
166.33 c#4 0.33 0.63
166.67 c#4 0.33 0.63
167.00 a2 0.33 0.63
167.33 c#4 0.33 0.63
167.67 c#4 0.33 0.63
168.00 e3 0.33 0.63
168.33 c#4 0.33 0.63
168.67 c#4 0.33 0.63
169.00 a2 0.33 0.63
169.33 c#4 0.33 0.63
169.67 c#4 0.33 0.63
170.00 d3 1.00 0.63
171.00 g2 1.00 0.63
172.00 a2 0.33 0.63
172.33 a3 0.33 0.63
172.67 a2 0.33 0.63
173.00 d2 0.33 0.63
end
