# Outputted with MidiToZac v0.2
# Start of Music
bpm 60

num_parts 1

# Instrument: Csikos Post

part
num_notes 2169
1.07 b3 0.03 0.52
1.07 b4 0.03 0.56
1.07 b5 0.05 0.57
1.07 b2 0.05 0.53
1.24 f#5 0.03 0.52
1.24 f#3 0.03 0.54
1.43 b2 0.28 0.58
1.44 b3 0.29 0.58
1.43 b4 0.31 0.57
1.43 b5 0.32 0.59
1.81 b4 0.02 0.55
1.81 b3 0.02 0.54
1.81 b5 0.03 0.56
1.81 b2 0.05 0.54
1.99 g5 0.03 0.56
1.98 g3 0.04 0.61
2.17 b3 0.27 0.64
2.17 b2 0.27 0.61
2.17 b5 0.31 0.65
2.17 b4 0.32 0.64
2.53 b3 0.05 0.57
2.52 b5 0.06 0.61
2.69 b4 0.04 0.57
2.69 b2 0.05 0.58
2.87 d#5 0.05 0.57
2.87 d#3 0.06 0.54
3.03 f#5 0.05 0.59
3.03 f#3 0.05 0.57
3.22 b4 0.04 0.61
3.21 b3 0.05 0.59
3.21 b2 0.07 0.52
3.21 b5 0.08 0.65
3.58 b1 0.06 0.64
3.58 b2 0.07 0.64
3.88 e5 0.09 0.38
3.91 g5 0.07 0.40
3.95 b5 0.04 0.47
3.97 e6 0.04 0.66
3.97 e3 0.10 0.50
4.16 g3 0.02 0.44
4.16 b3 0.03 0.39
4.33 e4 0.04 0.45
4.35 e3 0.03 0.31
4.33 e5 0.05 0.47
4.53 g3 0.03 0.32
4.52 f#4 0.05 0.50
4.52 b3 0.04 0.35
4.52 f#5 0.05 0.54
4.69 g5 0.04 0.52
4.68 g4 0.05 0.50
4.70 e3 0.06 0.43
4.87 g3 0.02 0.37
4.86 b3 0.03 0.38
5.04 b4 0.03 0.51
5.04 e3 0.03 0.44
5.04 b5 0.05 0.52
5.25 g3 0.02 0.38
5.25 b3 0.04 0.35
5.41 c5 0.02 0.52
5.41 c6 0.04 0.52
5.42 e3 0.06 0.46
5.59 a3 0.03 0.33
5.59 c4 0.04 0.38
5.74 e5 0.04 0.58
5.74 e6 0.04 0.63
5.75 e3 0.06 0.50
5.93 a3 0.03 0.42
5.93 c4 0.03 0.38
6.11 e3 0.08 0.50
6.31 g3 0.02 0.39
6.30 b3 0.03 0.39
6.48 e3 0.06 0.40
6.68 g3 0.02 0.36
6.68 b3 0.03 0.25
6.11 b5 0.61 0.55
6.11 b4 0.65 0.57
6.87 a2 0.08 0.45
6.87 a5 0.11 0.60
6.94 a4 0.10 0.56
7.04 f#3 0.04 0.40
7.03 e5 0.06 0.57
7.11 f#5 0.05 0.54
7.22 c6 0.06 0.61
7.22 a2 0.11 0.42
7.42 e3 0.03 0.38
7.41 f#3 0.06 0.42
7.60 b2 0.10 0.45
7.60 g5 0.12 0.65
7.69 g4 0.08 0.49
7.75 e3 0.03 0.42
7.75 g3 0.03 0.37
7.76 b4 0.09 0.50
7.84 e5 0.05 0.54
7.95 b5 0.05 0.57
7.94 b2 0.13 0.39
8.15 e3 0.02 0.38
8.15 g3 0.04 0.45
8.35 f#5 0.06 0.61
8.35 b2 0.07 0.47
8.41 f#4 0.11 0.61
8.51 f#3 0.03 0.36
8.50 a3 0.03 0.40
8.51 d#5 0.05 0.54
8.59 f#5 0.05 0.57
8.69 b5 0.06 0.63
8.69 b2 0.13 0.43
8.88 f#3 0.03 0.32
8.87 a3 0.06 0.46
9.05 e3 0.03 0.50
9.06 g4 0.02 0.44
9.06 g3 0.03 0.27
9.06 g5 0.05 0.50
9.24 a3 0.03 0.37
9.23 f#4 0.05 0.54
9.24 b2 0.04 0.43
9.23 f#5 0.05 0.54
9.43 g3 0.03 0.43
9.43 e3 0.03 0.43
9.42 e4 0.06 0.50
9.42 e5 0.07 0.50
9.74 e5 0.06 0.47
9.76 g5 0.05 0.50
9.79 b5 0.03 0.51
9.80 e6 0.04 0.69
9.80 e3 0.14 0.50
9.98 b3 0.03 0.43
9.98 g3 0.04 0.50
10.15 e4 0.03 0.47
10.16 e3 0.03 0.39
10.15 e5 0.05 0.50
10.33 g3 0.02 0.38
10.32 f#4 0.04 0.48
10.33 b3 0.03 0.33
10.32 f#5 0.06 0.52
10.49 g4 0.04 0.38
10.49 g5 0.05 0.47
10.50 e3 0.05 0.43
10.68 g3 0.02 0.40
10.68 b3 0.03 0.32
10.86 b4 0.03 0.46
10.87 e3 0.04 0.39
10.86 b5 0.05 0.49
11.07 g3 0.02 0.32
11.07 b3 0.04 0.34
11.24 c5 0.03 0.50
11.24 c6 0.05 0.47
11.25 e3 0.04 0.43
11.43 c4 0.03 0.38
11.43 a3 0.03 0.35
11.60 e6 0.04 0.56
11.60 e5 0.05 0.48
11.61 e3 0.05 0.43
11.79 a3 0.03 0.39
11.79 c4 0.03 0.35
11.97 e3 0.06 0.51
12.15 g3 0.02 0.50
12.15 b3 0.02 0.42
12.32 e3 0.06 0.50
12.52 g3 0.02 0.44
12.52 b3 0.02 0.45
11.98 b5 0.59 0.61
11.98 b4 0.59 0.61
12.71 f#3 0.03 0.41
12.71 b4 0.05 0.54
12.72 b5 0.05 0.51
12.89 b3 0.03 0.39
12.89 a#4 0.04 0.55
12.90 a#5 0.04 0.51
13.05 b5 0.04 0.59
13.05 b4 0.05 0.58
13.06 f#3 0.06 0.49
13.23 d4 0.03 0.46
13.22 c#5 0.05 0.60
13.23 c#6 0.05 0.58
13.23 b3 0.05 0.50
13.40 d5 0.05 0.65
13.40 d6 0.05 0.65
13.41 f#3 0.06 0.56
13.58 d4 0.03 0.49
13.57 c#5 0.05 0.64
13.58 b3 0.04 0.53
13.58 c#6 0.05 0.62
13.74 d6 0.05 0.61
13.75 d5 0.05 0.60
13.74 f#3 0.07 0.55
13.92 e5 0.04 0.65
13.92 e6 0.05 0.70
13.92 b3 0.04 0.59
13.92 d4 0.05 0.57
14.11 f#3 0.08 0.61
14.11 f#6 0.08 0.65
14.11 e4 0.08 0.65
14.11 f#5 0.09 0.68
14.12 a#3 0.09 0.55
14.47 c#5 0.05 0.64
14.47 c#6 0.06 0.65
14.48 e4 0.05 0.64
14.48 f#3 0.08 0.64
14.49 c#4 0.08 0.58
14.65 f#5 0.03 0.67
14.65 f#6 0.04 0.67
14.84 d4 0.04 0.59
14.84 b4 0.04 0.66
14.84 b3 0.06 0.61
14.84 b5 0.09 0.64
15.21 b5 0.06 0.51
15.22 d6 0.06 0.57
15.23 f#6 0.07 0.64
15.23 b6 0.08 0.68
15.22 b2 0.10 0.56
15.22 b3 0.10 0.64
15.57 e5 0.05 0.52
15.59 g5 0.05 0.58
15.60 b5 0.04 0.59
15.61 e6 0.05 0.68
15.61 e3 0.07 0.57
15.80 g3 0.03 0.48
15.80 b3 0.03 0.41
15.97 e4 0.03 0.49
15.97 e5 0.04 0.46
15.98 e3 0.04 0.43
16.16 b3 0.03 0.31
16.15 f#4 0.05 0.50
16.17 g3 0.03 0.24
16.16 f#5 0.05 0.50
16.32 g4 0.03 0.38
16.32 g5 0.05 0.51
16.33 e3 0.06 0.42
16.50 g3 0.02 0.38
16.50 b3 0.03 0.34
16.68 b4 0.04 0.47
16.68 e3 0.04 0.42
16.68 b5 0.05 0.46
16.88 g3 0.03 0.37
16.88 b3 0.05 0.37
17.05 c5 0.04 0.50
17.05 c6 0.05 0.43
17.05 e3 0.06 0.42
17.24 a3 0.03 0.26
17.24 c4 0.03 0.28
17.41 e3 0.03 0.42
17.40 e6 0.05 0.53
17.40 e5 0.05 0.49
17.60 a3 0.02 0.34
17.60 c4 0.03 0.32
17.78 e3 0.05 0.46
17.96 g3 0.02 0.43
17.95 b3 0.03 0.43
18.13 e3 0.03 0.45
17.78 b5 0.44 0.57
17.78 b4 0.52 0.57
18.32 g3 0.02 0.36
18.32 b3 0.03 0.36
18.51 a2 0.07 0.48
18.51 a5 0.11 0.61
18.58 a4 0.10 0.54
18.66 f#3 0.03 0.39
18.66 e5 0.06 0.51
18.75 f#5 0.05 0.55
18.85 c6 0.05 0.59
18.84 a2 0.10 0.39
19.05 e3 0.02 0.35
19.03 f#3 0.06 0.43
19.22 g5 0.10 0.64
19.22 b2 0.10 0.46
19.29 g4 0.08 0.50
19.39 e3 0.03 0.31
19.39 g3 0.04 0.29
19.37 b4 0.08 0.47
19.45 e5 0.06 0.51
19.56 b5 0.04 0.50
19.56 b2 0.10 0.40
19.77 e3 0.03 0.39
19.77 g3 0.06 0.40
19.95 f#5 0.06 0.62
19.96 b2 0.09 0.50
20.01 f#4 0.09 0.60
20.10 a3 0.03 0.39
20.11 f#3 0.03 0.28
20.10 d#5 0.10 0.54
20.18 f#5 0.06 0.59
20.29 b5 0.05 0.66
20.29 b2 0.15 0.46
20.48 f#3 0.02 0.33
20.48 a3 0.06 0.49
20.65 g3 0.02 0.48
20.65 g5 0.04 0.59
20.65 e3 0.04 0.51
20.65 g4 0.04 0.60
20.84 a3 0.03 0.50
20.83 f#4 0.05 0.60
20.85 b2 0.02 0.38
20.83 f#5 0.05 0.60
21.02 e5 0.04 0.46
21.01 e4 0.04 0.56
21.02 g3 0.04 0.58
21.02 e3 0.05 0.57
21.35 e5 0.06 0.45
21.39 b5 0.03 0.54
21.37 g5 0.05 0.53
21.40 e6 0.04 0.67
21.41 e3 0.07 0.57
21.58 b3 0.03 0.50
21.58 g3 0.05 0.58
21.75 e4 0.02 0.46
21.75 e5 0.03 0.49
21.76 e3 0.04 0.43
21.95 g3 0.02 0.39
21.95 b3 0.03 0.31
21.94 f#4 0.05 0.50
21.94 f#5 0.05 0.50
22.11 g4 0.04 0.45
22.11 g5 0.05 0.46
22.12 e3 0.06 0.41
22.30 g3 0.02 0.40
22.30 b3 0.03 0.32
22.48 b4 0.04 0.50
22.48 b5 0.05 0.49
22.48 e3 0.05 0.40
22.67 g3 0.03 0.41
22.67 b3 0.04 0.30
22.84 c5 0.03 0.47
22.84 c6 0.04 0.46
22.85 e3 0.06 0.46
23.04 a3 0.03 0.38
23.04 c4 0.03 0.30
23.20 e5 0.04 0.48
23.20 e6 0.05 0.50
23.22 e3 0.06 0.45
23.41 a3 0.02 0.38
23.41 c4 0.03 0.31
23.58 e3 0.06 0.46
23.76 g3 0.02 0.43
23.76 b3 0.02 0.40
23.94 e3 0.05 0.48
24.15 g3 0.02 0.40
24.14 b3 0.03 0.41
23.58 b5 0.61 0.52
23.58 b4 0.63 0.54
24.32 f#3 0.03 0.41
24.32 b4 0.04 0.50
24.32 b5 0.05 0.46
24.50 b3 0.03 0.30
24.50 d4 0.03 0.31
24.48 a#4 0.05 0.51
24.49 a#5 0.05 0.49
24.66 b4 0.04 0.54
24.66 b5 0.05 0.55
24.66 f#3 0.06 0.47
24.84 d4 0.03 0.48
24.84 c#5 0.04 0.59
24.84 b3 0.04 0.52
24.84 c#6 0.05 0.57
25.02 d5 0.04 0.64
25.01 d6 0.05 0.65
25.01 f#3 0.06 0.57
25.18 c#5 0.05 0.64
25.19 d4 0.04 0.55
25.19 b3 0.04 0.54
25.18 c#6 0.05 0.61
25.35 d5 0.04 0.66
25.35 d6 0.05 0.65
25.35 f#3 0.07 0.56
25.52 b3 0.04 0.58
25.52 e5 0.05 0.65
25.52 e6 0.05 0.69
25.52 d4 0.05 0.56
25.70 f#5 0.08 0.64
25.71 e4 0.07 0.66
25.70 f#6 0.08 0.67
25.70 f#3 0.08 0.63
25.71 a#3 0.08 0.58
26.09 c#4 0.02 0.54
26.07 c#5 0.05 0.68
26.07 c#6 0.05 0.66
26.08 f#3 0.08 0.64
26.08 e4 0.10 0.63
26.24 f#5 0.04 0.69
26.24 f#6 0.05 0.67
26.43 d4 0.04 0.61
26.43 b4 0.05 0.66
26.43 b3 0.07 0.62
26.43 b5 0.11 0.64
26.81 b5 0.10 0.53
26.82 d6 0.12 0.53
26.83 f#6 0.12 0.59
26.83 b3 0.12 0.63
26.82 b2 0.14 0.58
26.84 b6 0.13 0.69
27.20 g5 0.02 0.59
27.20 e5 0.02 0.54
27.20 b5 0.04 0.61
27.19 e2 0.05 0.64
27.19 e3 0.06 0.66
27.39 g5 0.03 0.59
27.40 e5 0.03 0.55
27.39 b5 0.05 0.61
27.57 g5 0.03 0.58
27.57 e5 0.03 0.56
27.57 g2 0.04 0.63
27.56 b5 0.05 0.60
27.57 g3 0.06 0.64
27.75 g5 0.02 0.52
27.75 e5 0.02 0.50
27.74 b5 0.05 0.55
27.93 e5 0.02 0.54
27.93 g5 0.03 0.58
27.93 b5 0.05 0.59
28.13 e5 0.02 0.49
28.13 g5 0.02 0.50
28.13 b5 0.05 0.51
28.30 g5 0.04 0.50
28.30 e5 0.04 0.50
28.30 b5 0.05 0.49
27.93 b3 0.46 0.66
27.92 b2 0.47 0.64
28.48 e5 0.04 0.47
28.47 g5 0.05 0.54
28.48 b5 0.05 0.52
28.65 a5 0.03 0.54
28.64 c6 0.04 0.56
28.64 e5 0.04 0.54
28.64 a2 0.05 0.60
28.64 a3 0.05 0.66
28.83 a5 0.02 0.50
28.83 e5 0.03 0.57
28.83 c6 0.05 0.57
29.01 a5 0.03 0.54
29.01 e5 0.03 0.51
29.00 c6 0.05 0.58
29.01 c4 0.05 0.63
29.00 c3 0.05 0.64
29.19 a5 0.02 0.56
29.19 e5 0.04 0.57
29.19 c6 0.05 0.61
29.37 e5 0.04 0.63
29.37 a5 0.04 0.63
29.37 c6 0.04 0.64
29.55 a5 0.03 0.45
29.55 e5 0.03 0.51
29.55 c6 0.05 0.52
29.36 e4 0.37 0.69
29.72 a5 0.03 0.45
29.72 e5 0.03 0.46
29.72 c6 0.05 0.49
29.36 e3 0.42 0.68
29.91 a5 0.03 0.41
29.90 e5 0.05 0.50
29.90 c6 0.06 0.50
30.07 c6 0.05 0.49
30.08 d#3 0.06 0.47
30.10 b5 0.06 0.52
30.27 a3 0.02 0.42
30.27 b3 0.06 0.50
30.47 b5 0.05 0.47
30.47 b2 0.06 0.48
30.65 b3 0.04 0.44
30.65 a3 0.04 0.43
30.65 c#6 0.05 0.52
30.83 f#3 0.03 0.48
30.83 d#6 0.05 0.52
31.01 b3 0.02 0.44
31.01 a3 0.04 0.37
31.00 b5 0.06 0.48
31.18 b2 0.11 0.39
31.19 f#6 0.20 0.63
31.19 f#5 0.20 0.63
31.36 a3 0.03 0.35
31.36 b3 0.04 0.39
31.51 f#6 0.04 0.54
31.52 e3 0.06 0.50
31.53 e6 0.05 0.51
31.71 g3 0.02 0.43
31.70 b3 0.04 0.45
31.88 b2 0.05 0.35
31.88 e6 0.05 0.50
32.05 g3 0.03 0.43
32.05 b3 0.04 0.43
32.05 f#6 0.05 0.52
32.23 g6 0.05 0.51
32.22 e3 0.06 0.47
32.40 g3 0.03 0.46
32.40 b3 0.04 0.44
32.40 e6 0.05 0.55
32.58 b6 0.08 0.57
32.58 b5 0.08 0.57
32.56 b2 0.18 0.48
32.75 b3 0.06 0.42
32.76 g3 0.06 0.43
32.95 g5 0.02 0.51
32.95 e5 0.02 0.51
32.94 e3 0.04 0.67
32.95 e2 0.04 0.69
32.94 b5 0.05 0.55
33.14 g5 0.02 0.45
33.14 e5 0.03 0.44
33.13 b5 0.05 0.51
33.32 g5 0.02 0.50
33.32 e5 0.03 0.45
33.31 g2 0.04 0.65
33.31 b5 0.03 0.55
33.31 g3 0.05 0.67
33.49 g5 0.02 0.50
33.49 e5 0.03 0.50
33.49 b5 0.04 0.53
33.68 g5 0.02 0.54
33.68 e5 0.02 0.54
33.67 b5 0.05 0.57
33.88 g5 0.02 0.47
33.88 e5 0.03 0.44
33.88 b5 0.05 0.55
34.05 e5 0.04 0.49
34.05 g5 0.05 0.52
34.05 b5 0.05 0.50
33.67 b3 0.47 0.65
33.67 b2 0.53 0.65
34.23 e5 0.03 0.47
34.23 g5 0.03 0.49
34.23 b5 0.06 0.48
34.40 a5 0.02 0.51
34.40 e5 0.04 0.57
34.40 c6 0.05 0.58
34.40 a2 0.05 0.64
34.40 a3 0.06 0.64
34.58 a5 0.02 0.50
34.58 e5 0.03 0.54
34.58 c6 0.04 0.57
34.75 e5 0.03 0.54
34.75 a5 0.03 0.51
34.75 c6 0.03 0.53
34.75 c3 0.04 0.63
34.75 c4 0.06 0.64
34.93 a5 0.02 0.52
34.93 e5 0.03 0.54
34.93 c6 0.05 0.58
35.11 e5 0.04 0.61
35.11 a5 0.04 0.61
35.11 c6 0.05 0.64
35.10 e4 0.13 0.67
35.10 e3 0.20 0.66
35.28 a5 0.02 0.46
35.28 e5 0.03 0.51
35.28 c6 0.05 0.52
35.45 a5 0.03 0.50
35.45 e5 0.03 0.54
35.45 c6 0.05 0.55
35.63 a5 0.02 0.49
35.63 e5 0.03 0.52
35.62 c6 0.05 0.54
35.79 b5 0.05 0.61
35.79 b4 0.05 0.61
35.79 b2 0.06 0.54
35.95 g3 0.03 0.52
35.96 e3 0.03 0.54
35.96 e6 0.04 0.61
35.96 e5 0.04 0.61
36.13 b2 0.08 0.51
36.30 e3 0.03 0.47
36.31 g3 0.03 0.44
36.13 b5 0.33 0.57
36.13 b4 0.33 0.57
36.49 g5 0.04 0.56
36.49 g4 0.04 0.56
36.49 b2 0.05 0.44
36.66 e3 0.03 0.50
36.66 g3 0.03 0.50
36.66 b5 0.06 0.61
36.66 b4 0.06 0.61
36.82 e6 0.05 0.54
36.82 e5 0.05 0.54
36.82 b2 0.06 0.43
36.99 e3 0.03 0.50
36.99 g3 0.05 0.54
36.99 g6 0.05 0.61
36.99 g5 0.05 0.61
37.17 a3 0.02 0.57
37.16 f#6 0.05 0.65
37.16 f#5 0.05 0.65
37.17 d#3 0.05 0.61
37.17 b2 0.05 0.57
37.33 b6 0.06 0.59
37.33 b5 0.06 0.59
37.51 f#3 0.02 0.51
37.51 a3 0.02 0.48
37.52 b2 0.02 0.44
37.51 d#6 0.05 0.61
37.51 d#5 0.05 0.61
37.67 f#6 0.05 0.54
37.67 f#5 0.05 0.54
37.85 g3 0.05 0.58
37.85 e6 0.06 0.57
37.85 e5 0.06 0.57
37.86 e3 0.06 0.57
38.16 e5 0.06 0.43
38.18 g5 0.06 0.51
38.20 b5 0.04 0.54
38.20 e2 0.05 0.54
38.20 e3 0.05 0.66
38.21 e6 0.05 0.68
38.60 g5 0.02 0.54
38.60 e5 0.03 0.54
38.58 e2 0.05 0.61
38.59 b5 0.04 0.57
38.58 e3 0.06 0.64
38.79 g5 0.02 0.61
38.79 e5 0.02 0.56
38.79 b5 0.04 0.58
38.96 e5 0.02 0.54
38.96 g5 0.03 0.57
38.96 g2 0.05 0.58
38.96 b5 0.05 0.58
38.96 g3 0.05 0.54
39.14 g5 0.02 0.57
39.14 e5 0.02 0.52
39.14 b5 0.03 0.57
39.31 e5 0.03 0.57
39.31 g5 0.03 0.62
39.31 b5 0.05 0.62
39.50 e5 0.02 0.50
39.50 g5 0.02 0.51
39.50 b5 0.05 0.52
39.68 e5 0.03 0.45
39.68 g5 0.04 0.50
39.68 b5 0.05 0.51
39.30 b3 0.47 0.66
39.30 b2 0.50 0.65
39.85 g5 0.03 0.48
39.85 e5 0.03 0.48
39.85 b5 0.05 0.50
40.01 a5 0.03 0.55
40.01 e5 0.04 0.57
40.01 a2 0.05 0.62
40.01 c6 0.05 0.59
40.01 a3 0.06 0.65
40.19 a5 0.03 0.54
40.19 e5 0.03 0.54
40.19 c6 0.04 0.57
40.36 a5 0.02 0.54
40.36 e5 0.03 0.53
40.36 c3 0.04 0.64
40.36 c6 0.05 0.57
40.36 c4 0.05 0.64
40.54 a5 0.02 0.54
40.54 e5 0.02 0.55
40.54 c6 0.03 0.57
40.72 e5 0.03 0.59
40.72 a5 0.04 0.61
40.71 c6 0.05 0.63
40.71 e4 0.16 0.66
40.71 e3 0.21 0.66
40.90 e5 0.03 0.52
40.90 a5 0.03 0.52
40.89 c6 0.05 0.57
41.06 e5 0.03 0.49
41.06 a5 0.02 0.43
41.06 c6 0.05 0.50
41.23 a5 0.02 0.44
41.22 e5 0.04 0.50
41.22 c6 0.05 0.51
41.39 c6 0.04 0.49
41.40 d#3 0.06 0.48
41.41 b5 0.05 0.52
41.58 a3 0.02 0.45
41.58 b3 0.05 0.50
41.76 b5 0.05 0.50
41.75 b2 0.06 0.48
41.95 a3 0.02 0.37
41.95 b3 0.04 0.37
41.95 c#6 0.05 0.52
42.12 d#6 0.05 0.54
42.13 f#3 0.05 0.49
42.30 b3 0.03 0.49
42.30 a3 0.04 0.41
42.29 b5 0.06 0.50
42.47 b2 0.17 0.44
42.66 a3 0.03 0.27
42.66 b3 0.05 0.30
42.47 f#6 0.26 0.64
42.47 f#5 0.26 0.64
42.79 f#6 0.04 0.54
42.79 e3 0.07 0.47
42.81 e6 0.06 0.56
42.98 g3 0.02 0.43
42.97 b3 0.06 0.45
43.14 a2 0.06 0.44
43.15 e6 0.05 0.53
43.33 g3 0.02 0.46
43.32 b3 0.04 0.45
43.32 f#6 0.05 0.52
43.50 g6 0.04 0.55
43.50 e3 0.05 0.50
43.66 g3 0.02 0.50
43.66 b3 0.03 0.48
43.66 e6 0.05 0.52
43.83 b2 0.15 0.55
43.84 b6 0.15 0.69
43.84 b5 0.15 0.69
44.01 b3 0.06 0.48
44.01 g3 0.06 0.50
44.19 g5 0.02 0.60
44.19 e5 0.03 0.57
44.18 e2 0.05 0.65
44.18 e3 0.06 0.65
44.19 b5 0.06 0.64
44.38 g5 0.02 0.53
44.37 e5 0.03 0.57
44.37 b5 0.06 0.54
44.56 g5 0.02 0.59
44.56 e5 0.03 0.59
44.55 b5 0.04 0.62
44.55 g2 0.05 0.63
44.55 g3 0.05 0.66
44.74 g5 0.02 0.61
44.74 e5 0.02 0.59
44.74 b5 0.02 0.59
44.91 g5 0.02 0.62
44.91 e5 0.03 0.61
44.91 b5 0.04 0.63
45.10 g5 0.02 0.54
45.10 e5 0.03 0.52
45.10 b5 0.06 0.57
45.27 g5 0.02 0.52
45.27 e5 0.03 0.51
44.91 b3 0.39 0.65
45.27 b5 0.06 0.54
44.91 b2 0.42 0.63
45.44 g5 0.03 0.54
45.44 e5 0.03 0.54
45.44 b5 0.05 0.54
45.62 a5 0.02 0.56
45.61 c6 0.04 0.59
45.61 e5 0.04 0.60
45.61 a2 0.06 0.63
45.61 a3 0.06 0.66
45.80 a5 0.02 0.52
45.80 c6 0.03 0.54
45.79 e5 0.03 0.57
45.97 a5 0.02 0.54
45.97 e5 0.02 0.57
45.97 c6 0.03 0.57
45.96 c3 0.06 0.64
45.96 c4 0.06 0.64
46.15 e5 0.02 0.59
46.15 a5 0.02 0.52
46.15 c6 0.03 0.58
46.34 a5 0.04 0.65
46.34 e5 0.05 0.65
46.34 c6 0.05 0.65
46.33 e4 0.21 0.67
46.51 a5 0.03 0.55
46.51 e5 0.03 0.58
46.51 c6 0.06 0.59
46.33 e3 0.28 0.67
46.69 a5 0.03 0.56
46.69 e5 0.04 0.59
46.69 c6 0.06 0.59
46.86 a5 0.02 0.55
46.86 e5 0.03 0.57
46.86 c6 0.06 0.61
47.04 b5 0.05 0.66
47.03 b2 0.07 0.61
47.22 g3 0.02 0.62
47.22 e3 0.05 0.61
47.22 e6 0.06 0.67
47.40 b2 0.06 0.54
47.58 g3 0.06 0.57
47.58 e3 0.06 0.57
47.39 b5 0.29 0.64
47.76 g5 0.05 0.65
47.76 g4 0.05 0.65
47.76 b2 0.06 0.54
47.94 e3 0.02 0.52
47.94 g3 0.04 0.58
47.93 b5 0.06 0.65
47.93 b4 0.06 0.65
48.11 e6 0.05 0.60
48.11 e5 0.05 0.60
48.11 b2 0.06 0.54
48.29 e3 0.02 0.50
48.29 g3 0.04 0.55
48.29 g6 0.05 0.62
48.29 g5 0.05 0.62
48.46 a3 0.02 0.52
48.47 d#3 0.04 0.30
48.45 f#6 0.06 0.67
48.45 f#5 0.06 0.67
48.45 b2 0.06 0.57
48.64 b6 0.07 0.63
48.64 b5 0.07 0.63
48.83 a3 0.02 0.50
48.83 b2 0.02 0.49
48.83 f#3 0.02 0.39
48.82 d#6 0.05 0.64
48.82 d#5 0.05 0.64
49.00 f#6 0.06 0.57
49.00 f#5 0.06 0.57
49.19 g3 0.03 0.55
49.19 b3 0.05 0.56
49.19 e6 0.06 0.64
49.19 e5 0.06 0.64
49.19 e3 0.07 0.56
49.55 b6 0.03 0.54
49.51 e6 0.08 0.49
49.53 g6 0.07 0.56
49.54 e3 0.06 0.59
49.54 e2 0.07 0.57
49.56 e7 0.07 0.67
50.00 g4 0.07 0.63
50.00 g3 0.09 0.65
50.00 g6 0.11 0.70
50.00 g5 0.14 0.69
50.39 f#3 0.06 0.64
50.39 f#4 0.07 0.65
50.39 f#5 0.14 0.68
50.38 f#6 0.16 0.66
50.77 f5 0.05 0.66
50.77 f4 0.05 0.64
50.77 f3 0.07 0.65
50.77 f6 0.08 0.69
51.14 e4 0.05 0.64
51.14 e3 0.06 0.64
51.14 e5 0.08 0.66
51.14 e6 0.09 0.69
51.51 d5 0.04 0.68
51.52 d4 0.05 0.63
51.51 d3 0.06 0.63
51.51 d6 0.06 0.66
51.87 c4 0.05 0.63
51.87 c6 0.07 0.65
51.87 c3 0.06 0.62
51.87 c5 0.07 0.66
52.24 b3 0.05 0.64
52.24 b2 0.07 0.63
52.24 b5 0.08 0.65
52.24 b4 0.10 0.66
52.65 a3 0.06 0.63
52.65 a2 0.09 0.57
52.64 a5 0.10 0.62
52.65 a4 0.13 0.65
53.09 g4 0.04 0.47
53.09 g5 0.05 0.51
53.11 g2 0.06 0.42
53.29 a4 0.04 0.52
53.29 a5 0.04 0.52
53.29 f3 0.04 0.42
53.46 b4 0.04 0.50
53.47 b5 0.04 0.45
53.47 d3 0.06 0.39
53.63 c5 0.04 0.52
53.63 c6 0.05 0.52
53.64 f3 0.06 0.42
53.82 d5 0.04 0.49
53.82 d6 0.04 0.49
53.83 g2 0.06 0.39
54.00 c#6 0.03 0.39
53.99 c#5 0.05 0.43
54.00 f3 0.04 0.34
54.17 d6 0.05 0.43
54.17 d5 0.05 0.42
54.18 b2 0.05 0.31
54.35 b4 0.04 0.49
54.35 b5 0.04 0.45
54.35 f3 0.07 0.36
54.52 c5 0.04 0.55
54.52 c6 0.05 0.56
54.53 g2 0.05 0.45
54.69 d5 0.04 0.52
54.69 d6 0.05 0.52
54.70 e3 0.05 0.44
54.86 e6 0.04 0.49
54.86 e5 0.05 0.50
54.87 c3 0.06 0.39
55.03 f5 0.04 0.52
55.03 f6 0.05 0.53
55.04 e3 0.07 0.42
55.20 g5 0.04 0.60
55.21 g6 0.04 0.54
55.22 g2 0.06 0.43
55.38 f#5 0.04 0.59
55.38 f#6 0.05 0.59
55.39 e3 0.05 0.43
55.55 g5 0.03 0.63
55.55 g6 0.04 0.65
55.55 c3 0.08 0.51
55.72 e5 0.03 0.63
55.72 e6 0.04 0.63
55.72 e3 0.06 0.46
55.92 g2 0.13 0.44
55.92 f6 0.16 0.60
55.91 a5 0.19 0.58
56.08 a6 0.04 0.52
56.10 d3 0.03 0.44
56.27 b2 0.11 0.40
56.26 d6 0.17 0.55
56.44 f6 0.02 0.47
56.26 f5 0.20 0.52
56.45 d3 0.06 0.43
56.63 g2 0.10 0.39
56.62 b5 0.16 0.52
56.62 d5 0.19 0.50
56.78 d6 0.03 0.52
56.79 f3 0.03 0.43
56.99 d3 0.08 0.35
56.97 g5 0.18 0.46
56.97 b4 0.18 0.46
57.14 b5 0.04 0.47
57.15 f3 0.07 0.39
57.33 g2 0.07 0.45
57.32 c6 0.17 0.55
57.49 e6 0.02 0.52
57.32 e5 0.20 0.52
57.50 e3 0.06 0.42
57.67 c3 0.08 0.43
57.66 g5 0.17 0.54
57.66 c5 0.19 0.52
57.82 c6 0.04 0.54
57.84 e3 0.07 0.39
58.02 g2 0.09 0.37
58.00 e5 0.16 0.49
58.17 g5 0.02 0.41
58.00 g4 0.20 0.48
58.18 e3 0.06 0.39
58.36 c3 0.09 0.37
58.35 e4 0.17 0.41
58.35 c5 0.19 0.43
58.54 e5 0.02 0.36
58.54 e3 0.08 0.31
58.72 g4 0.04 0.33
58.72 g5 0.05 0.41
58.73 g2 0.06 0.35
58.90 a4 0.04 0.44
58.91 f3 0.03 0.38
58.90 a5 0.05 0.44
59.07 b4 0.03 0.47
59.07 b5 0.05 0.42
59.08 d3 0.04 0.34
59.23 c5 0.04 0.50
59.23 c6 0.05 0.50
59.25 f3 0.06 0.38
59.41 d5 0.04 0.51
59.41 d6 0.04 0.50
59.42 g2 0.05 0.37
59.58 c#5 0.03 0.45
59.59 c#6 0.03 0.43
59.59 f3 0.03 0.38
59.76 d6 0.04 0.46
59.76 d5 0.04 0.44
59.77 d3 0.06 0.32
59.93 b4 0.05 0.50
59.94 b5 0.05 0.42
59.94 f3 0.08 0.39
60.11 c5 0.04 0.47
60.11 c6 0.04 0.57
60.11 g2 0.06 0.40
60.27 d6 0.04 0.57
60.28 d5 0.04 0.56
60.28 e3 0.06 0.47
60.45 e5 0.04 0.57
60.45 e6 0.04 0.61
60.46 c3 0.06 0.49
60.63 f5 0.04 0.61
60.63 f6 0.05 0.62
60.64 e3 0.06 0.47
60.81 g5 0.04 0.64
60.81 g6 0.05 0.65
60.82 g2 0.06 0.48
60.98 f#5 0.04 0.61
60.98 f#6 0.05 0.61
60.99 e3 0.05 0.52
61.15 g5 0.03 0.64
61.15 g6 0.04 0.68
61.15 c3 0.10 0.50
61.33 e5 0.04 0.63
61.32 e3 0.04 0.52
61.33 e6 0.04 0.69
61.52 g3 0.09 0.65
61.52 b2 0.11 0.60
61.52 e3 0.13 0.61
61.52 g6 0.17 0.73
61.52 b5 0.21 0.65
61.70 b6 0.04 0.65
61.88 e3 0.03 0.61
61.88 g3 0.03 0.64
61.89 b2 0.04 0.59
61.88 e6 0.17 0.64
61.88 g5 0.19 0.62
62.04 g6 0.04 0.62
62.23 e3 0.02 0.55
62.24 b2 0.02 0.49
62.23 g3 0.04 0.63
62.23 b5 0.18 0.60
62.23 e5 0.20 0.59
62.40 e6 0.04 0.64
62.59 e3 0.03 0.59
62.59 g3 0.04 0.60
62.60 b2 0.04 0.57
62.59 g6 0.16 0.64
62.59 b5 0.20 0.59
62.77 b6 0.09 0.65
62.94 a3 0.03 0.65
62.94 b2 0.05 0.61
62.94 d#3 0.05 0.56
62.94 f#6 0.15 0.66
62.94 b5 0.18 0.62
63.10 b6 0.04 0.58
63.29 a3 0.04 0.63
63.29 d#3 0.04 0.57
63.29 b2 0.06 0.59
63.29 d#6 0.18 0.60
63.29 f#5 0.20 0.61
63.46 f#6 0.04 0.57
63.66 g3 0.03 0.63
63.65 e5 0.05 0.63
63.66 e3 0.06 0.60
63.65 e6 0.08 0.63
64.00 e6 0.07 0.50
64.02 g6 0.05 0.56
64.04 b6 0.04 0.57
64.01 e2 0.08 0.52
64.04 e3 0.06 0.59
64.05 e7 0.05 0.64
64.49 g4 0.04 0.47
64.49 g5 0.05 0.51
64.50 g2 0.06 0.42
64.68 a4 0.04 0.52
64.68 a5 0.04 0.52
64.68 f3 0.04 0.42
64.86 b4 0.04 0.50
64.86 b5 0.04 0.45
64.87 d3 0.06 0.39
65.03 c5 0.04 0.52
65.02 c6 0.05 0.52
65.04 f3 0.06 0.42
65.22 d5 0.04 0.49
65.21 d6 0.04 0.49
65.22 g2 0.06 0.39
65.39 c#6 0.03 0.39
65.38 c#5 0.05 0.43
65.39 f3 0.04 0.34
65.57 d6 0.04 0.43
65.57 d5 0.04 0.42
65.58 b2 0.05 0.31
65.74 b4 0.04 0.49
65.74 b5 0.04 0.45
65.75 f3 0.06 0.36
65.92 c5 0.04 0.55
65.92 c6 0.05 0.56
65.92 g2 0.05 0.45
66.09 d5 0.04 0.52
66.09 d6 0.05 0.52
66.09 e3 0.05 0.44
66.26 e6 0.04 0.49
66.26 e5 0.05 0.50
66.26 c3 0.06 0.39
66.43 f5 0.04 0.52
66.43 f6 0.05 0.53
66.43 e3 0.07 0.42
66.60 g5 0.04 0.60
66.60 g6 0.04 0.54
66.61 g2 0.06 0.43
66.77 f#5 0.04 0.59
66.78 f#6 0.05 0.59
66.78 e3 0.05 0.43
66.94 g5 0.03 0.63
66.94 g6 0.04 0.65
66.94 c3 0.08 0.51
67.12 e5 0.03 0.63
67.12 e6 0.04 0.63
67.12 e3 0.06 0.46
67.31 g2 0.13 0.44
67.31 f6 0.16 0.60
67.31 a5 0.19 0.58
67.47 a6 0.04 0.52
67.49 d3 0.03 0.44
67.67 b2 0.11 0.40
67.66 d6 0.17 0.55
67.83 f6 0.02 0.47
67.66 f5 0.20 0.52
67.85 d3 0.06 0.43
68.02 g2 0.10 0.39
68.02 b5 0.16 0.52
68.01 d5 0.19 0.50
68.18 d6 0.03 0.52
68.19 f3 0.03 0.43
68.38 d3 0.08 0.35
68.37 g5 0.18 0.46
68.36 b4 0.18 0.46
68.53 b5 0.04 0.47
68.54 f3 0.07 0.39
68.72 g2 0.07 0.45
68.72 c6 0.17 0.55
68.88 e6 0.02 0.52
68.71 e5 0.20 0.52
68.90 e3 0.06 0.42
69.07 c3 0.08 0.43
69.06 g5 0.17 0.54
69.06 c5 0.19 0.52
69.22 c6 0.04 0.54
69.24 e3 0.07 0.39
69.41 g2 0.09 0.37
69.40 e5 0.16 0.49
69.56 g5 0.02 0.41
69.39 g4 0.20 0.48
69.58 e3 0.07 0.39
69.75 c3 0.09 0.37
69.74 e4 0.17 0.41
69.75 c5 0.19 0.43
69.93 e5 0.02 0.36
69.93 e3 0.08 0.31
70.12 g4 0.04 0.33
70.12 g5 0.05 0.41
70.12 g2 0.06 0.35
70.29 a4 0.04 0.44
70.31 f3 0.03 0.38
70.30 a5 0.05 0.44
70.46 b4 0.03 0.47
70.47 b5 0.05 0.42
70.47 d3 0.04 0.34
70.63 c5 0.04 0.50
70.63 c6 0.05 0.50
70.64 f3 0.06 0.38
70.81 d5 0.04 0.51
70.81 d6 0.04 0.50
70.81 g2 0.05 0.37
70.98 c#5 0.03 0.45
70.98 c#6 0.03 0.43
70.98 f3 0.03 0.38
71.16 d6 0.04 0.46
71.16 d5 0.04 0.44
71.17 d3 0.06 0.32
71.33 b4 0.05 0.50
71.33 b5 0.05 0.42
71.33 f3 0.08 0.39
71.50 c5 0.04 0.47
71.50 c6 0.05 0.57
71.51 g2 0.06 0.40
71.67 d6 0.04 0.57
71.67 d5 0.04 0.56
71.68 e3 0.06 0.47
71.85 e5 0.04 0.57
71.85 e6 0.04 0.61
71.86 c3 0.06 0.49
72.02 f5 0.04 0.61
72.02 f6 0.04 0.62
72.03 e3 0.06 0.47
72.20 g5 0.04 0.64
72.20 g6 0.05 0.65
72.21 g2 0.06 0.48
72.38 f#5 0.04 0.61
72.38 f#6 0.05 0.61
72.38 e3 0.05 0.52
72.54 g5 0.03 0.64
72.54 g6 0.04 0.68
72.55 c3 0.10 0.50
72.72 e5 0.04 0.63
72.72 e3 0.04 0.52
72.72 e6 0.04 0.69
72.91 g3 0.09 0.65
72.91 b2 0.11 0.60
72.91 e3 0.13 0.61
72.91 g6 0.17 0.73
72.91 b5 0.21 0.65
73.10 b6 0.04 0.65
73.28 e3 0.03 0.61
73.28 g3 0.03 0.64
73.28 b2 0.04 0.59
73.28 e6 0.17 0.64
73.28 g5 0.19 0.62
73.44 g6 0.04 0.62
73.63 e3 0.02 0.55
73.63 b2 0.02 0.49
73.63 g3 0.04 0.63
73.63 b5 0.18 0.60
73.63 e5 0.20 0.59
73.80 e6 0.04 0.64
73.99 e3 0.03 0.59
73.99 g3 0.04 0.60
73.99 b2 0.04 0.57
73.99 g6 0.16 0.64
73.99 b5 0.20 0.59
74.16 b6 0.09 0.65
74.33 a3 0.03 0.65
74.33 b2 0.05 0.61
74.34 d#3 0.05 0.56
74.34 f#6 0.15 0.66
74.34 b5 0.18 0.62
74.50 b6 0.04 0.58
74.69 a3 0.04 0.63
74.69 d#3 0.04 0.57
74.69 b2 0.06 0.59
74.69 d#6 0.18 0.60
74.68 f#5 0.21 0.61
74.85 f#6 0.04 0.57
75.05 g3 0.03 0.63
75.05 e5 0.05 0.63
75.05 e3 0.06 0.60
75.05 e6 0.08 0.63
75.39 e6 0.07 0.50
75.42 g6 0.05 0.56
75.43 b6 0.04 0.57
75.40 e2 0.08 0.52
75.43 e3 0.06 0.59
75.44 e7 0.05 0.64
75.84 c4 0.07 0.63
75.84 c3 0.09 0.63
75.86 c6 0.14 0.62
75.97 g5 0.06 0.50
76.06 e5 0.06 0.54
76.14 g5 0.05 0.65
76.26 b3 0.08 0.61
76.23 c6 0.13 0.64
76.25 b2 0.13 0.59
76.33 g5 0.06 0.57
76.42 e5 0.06 0.53
76.51 g5 0.07 0.64
76.62 a3 0.06 0.60
76.62 a2 0.08 0.59
76.61 c6 0.09 0.63
76.71 g5 0.06 0.59
76.80 e5 0.11 0.53
76.89 g5 0.07 0.62
76.99 g3 0.06 0.61
76.99 c6 0.07 0.66
76.99 g2 0.08 0.57
77.35 f3 0.05 0.64
77.35 f2 0.07 0.66
77.35 d6 0.10 0.64
77.45 a5 0.06 0.59
77.53 f5 0.07 0.54
77.62 a5 0.07 0.61
77.72 e3 0.07 0.63
77.72 d6 0.08 0.61
77.72 e2 0.09 0.61
77.82 a5 0.06 0.60
77.91 f5 0.07 0.54
77.99 a5 0.06 0.61
78.10 d6 0.11 0.64
78.19 a5 0.06 0.59
78.28 f5 0.09 0.54
78.09 d2 0.29 0.63
78.10 d3 0.36 0.59
78.38 a5 0.08 0.61
78.48 d6 0.07 0.65
78.92 f6 0.06 0.57
78.96 a6 0.07 0.61
78.97 g2 0.24 0.50
79.34 d3 0.04 0.41
79.33 f3 0.07 0.44
79.54 d6 0.03 0.45
79.53 b5 0.03 0.44
79.53 g2 0.04 0.44
79.72 e6 0.03 0.49
79.71 c6 0.04 0.46
79.73 f3 0.03 0.34
79.73 d3 0.04 0.33
79.90 d6 0.04 0.47
79.90 f6 0.06 0.47
79.91 g2 0.10 0.40
80.07 d3 0.03 0.42
80.07 f3 0.03 0.39
80.25 a6 0.07 0.59
80.25 g2 0.11 0.46
80.42 d3 0.03 0.36
80.42 f3 0.07 0.46
80.59 e6 0.05 0.64
80.62 g6 0.05 0.61
80.61 c3 0.18 0.50
80.88 g3 0.03 0.38
80.88 e3 0.04 0.39
80.87 c4 0.08 0.39
81.04 c6 0.06 0.45
81.06 c3 0.08 0.46
81.24 g3 0.03 0.39
81.25 e3 0.03 0.35
81.23 d6 0.04 0.47
81.25 c4 0.04 0.33
81.41 e6 0.03 0.44
81.40 c3 0.09 0.50
81.58 c4 0.04 0.39
81.58 g3 0.04 0.36
81.58 e3 0.04 0.36
81.74 g6 0.06 0.55
81.74 c3 0.10 0.53
81.92 c4 0.03 0.39
81.94 g3 0.04 0.20
81.94 e3 0.04 0.20
82.09 c3 0.05 0.65
82.10 c4 0.06 0.62
82.10 c6 0.08 0.59
82.19 g5 0.03 0.55
82.28 e5 0.06 0.49
82.37 g5 0.07 0.57
82.47 b3 0.06 0.62
82.47 b2 0.08 0.58
82.47 c6 0.10 0.61
82.56 g5 0.06 0.57
82.65 e5 0.08 0.54
82.73 g5 0.07 0.64
82.85 a3 0.06 0.63
82.84 c6 0.08 0.62
82.85 a2 0.08 0.58
82.94 g5 0.06 0.61
83.03 e5 0.09 0.51
83.10 g5 0.09 0.61
83.22 g3 0.07 0.58
83.21 c6 0.08 0.65
83.21 g2 0.10 0.56
83.58 f3 0.05 0.65
83.58 f2 0.08 0.66
83.59 d6 0.10 0.64
83.68 a5 0.06 0.58
83.76 f5 0.06 0.55
83.84 a5 0.07 0.61
83.95 e3 0.06 0.64
83.94 d6 0.08 0.60
83.95 e2 0.09 0.64
84.04 a5 0.06 0.60
84.13 f5 0.07 0.54
84.20 a5 0.06 0.57
84.30 d3 0.07 0.62
84.30 d2 0.07 0.64
84.31 d6 0.11 0.64
84.40 a5 0.06 0.62
84.49 f5 0.09 0.55
84.58 a5 0.10 0.59
84.69 d6 0.06 0.65
85.07 c6 0.06 0.58
85.07 c5 0.06 0.52
85.07 f#2 0.06 0.57
85.27 c3 0.04 0.45
85.27 b5 0.04 0.57
85.27 b4 0.04 0.51
85.27 d#3 0.06 0.48
85.45 c6 0.06 0.53
85.45 c5 0.06 0.46
85.45 f#2 0.08 0.52
85.62 a5 0.05 0.62
85.62 a4 0.05 0.56
85.63 c3 0.05 0.45
85.63 d#3 0.08 0.50
85.80 g5 0.06 0.57
85.80 g4 0.06 0.50
85.80 g2 0.07 0.50
85.98 e3 0.04 0.50
85.98 c3 0.04 0.52
85.97 c6 0.06 0.59
85.97 c5 0.06 0.53
86.16 e6 0.06 0.57
86.16 e5 0.06 0.50
86.15 g2 0.09 0.51
86.32 g6 0.07 0.62
86.32 g5 0.07 0.56
86.33 c3 0.07 0.52
86.33 e3 0.07 0.52
86.53 b2 0.05 0.51
86.53 f3 0.06 0.61
86.53 g2 0.07 0.57
86.53 a6 0.07 0.64
86.53 a5 0.07 0.57
86.93 d3 0.03 0.44
86.91 b5 0.06 0.64
86.98 c6 0.05 0.54
87.03 b5 0.06 0.50
86.92 f3 0.20 0.61
87.11 a5 0.08 0.57
86.91 g2 0.29 0.59
87.18 b5 0.09 0.57
87.26 c6 0.07 0.65
87.31 e3 0.07 0.54
87.31 c3 0.08 0.54
87.61 c6 0.08 0.47
87.66 e6 0.06 0.59
87.68 g6 0.05 0.59
87.67 c2 0.07 0.60
87.68 c3 0.07 0.59
87.69 c7 0.07 0.65
88.18 c4 0.05 0.64
88.18 c3 0.07 0.65
88.17 c6 0.08 0.61
88.27 g5 0.06 0.57
88.36 e5 0.06 0.52
88.45 g5 0.06 0.61
88.56 b3 0.07 0.61
88.56 b2 0.08 0.58
88.55 c6 0.10 0.59
88.65 g5 0.05 0.60
88.75 e5 0.06 0.54
88.83 g5 0.07 0.60
88.94 a3 0.06 0.62
88.93 c6 0.08 0.59
88.94 a2 0.08 0.60
89.02 g5 0.05 0.59
89.12 e5 0.07 0.50
89.19 g5 0.08 0.59
89.31 g3 0.07 0.64
89.30 c6 0.09 0.65
89.30 g2 0.09 0.60
89.68 f3 0.06 0.63
89.68 f2 0.10 0.66
89.68 d6 0.11 0.61
89.77 a5 0.07 0.58
89.84 f5 0.10 0.54
89.93 a5 0.08 0.60
90.05 e3 0.06 0.63
90.05 e2 0.09 0.64
90.04 d6 0.11 0.61
90.14 a5 0.06 0.59
90.23 f5 0.08 0.52
90.30 a5 0.07 0.60
90.41 d6 0.11 0.64
90.51 a5 0.06 0.59
90.59 f5 0.09 0.54
90.41 d2 0.34 0.65
90.69 a5 0.11 0.57
90.79 d6 0.06 0.65
90.41 d3 0.44 0.62
91.22 f6 0.06 0.64
91.23 a6 0.07 0.63
91.25 g2 0.21 0.52
91.58 d3 0.04 0.41
91.57 f3 0.06 0.43
91.75 b5 0.04 0.42
91.75 d6 0.04 0.50
91.76 g2 0.06 0.44
91.94 e6 0.03 0.47
91.94 c6 0.04 0.43
91.95 f3 0.03 0.39
91.95 d3 0.03 0.30
92.12 d6 0.05 0.50
92.12 f6 0.06 0.48
92.13 g2 0.09 0.43
92.31 d3 0.03 0.39
92.32 f3 0.04 0.30
92.46 f6 0.03 0.47
92.46 a6 0.07 0.59
92.47 g2 0.12 0.42
92.65 f3 0.07 0.46
92.82 e6 0.05 0.61
92.83 g6 0.07 0.67
92.84 c3 0.19 0.56
93.09 g3 0.03 0.28
93.08 e3 0.06 0.40
93.07 c4 0.07 0.31
93.24 c6 0.07 0.49
93.25 c3 0.09 0.46
93.43 e3 0.03 0.40
93.43 c4 0.03 0.42
93.44 g3 0.03 0.37
93.43 d6 0.03 0.45
93.61 e6 0.06 0.51
93.60 c3 0.08 0.48
93.81 e3 0.03 0.36
93.81 c4 0.04 0.32
93.81 g3 0.04 0.26
93.98 g6 0.06 0.54
93.98 c3 0.11 0.48
94.18 g3 0.03 0.35
94.18 e3 0.04 0.35
94.19 c4 0.04 0.25
94.36 c3 0.05 0.64
94.36 c4 0.06 0.61
94.37 c6 0.10 0.57
94.47 g5 0.03 0.50
94.54 e5 0.07 0.52
94.64 g5 0.06 0.57
94.73 b3 0.05 0.62
94.73 b2 0.07 0.58
94.73 c6 0.09 0.57
94.83 g5 0.06 0.57
94.91 e5 0.06 0.52
95.00 g5 0.06 0.61
95.10 a3 0.06 0.59
95.09 a2 0.08 0.57
95.09 c6 0.08 0.56
95.17 g5 0.05 0.57
95.26 e5 0.10 0.50
95.34 g5 0.09 0.59
95.45 c6 0.08 0.65
95.46 g3 0.07 0.64
95.46 g2 0.10 0.60
95.82 f3 0.05 0.64
95.82 f2 0.07 0.66
95.82 d6 0.11 0.63
95.91 a5 0.07 0.57
95.98 f5 0.08 0.53
96.07 a5 0.08 0.59
96.18 e3 0.06 0.63
96.18 e2 0.09 0.64
96.17 d6 0.10 0.62
96.26 a5 0.06 0.58
96.35 f5 0.07 0.53
96.43 a5 0.09 0.57
96.54 d2 0.07 0.65
96.54 d3 0.08 0.64
96.53 d6 0.11 0.61
96.62 a5 0.06 0.61
96.70 f5 0.10 0.55
96.79 a5 0.09 0.60
96.89 d6 0.06 0.66
97.27 c6 0.07 0.69
97.27 c5 0.07 0.61
97.27 f#2 0.08 0.65
97.46 c3 0.05 0.51
97.45 b5 0.06 0.65
97.45 b4 0.06 0.58
97.46 d#3 0.07 0.54
97.62 c6 0.06 0.60
97.62 c5 0.06 0.53
97.64 f#2 0.07 0.57
97.80 a5 0.06 0.66
97.80 a4 0.06 0.59
97.81 c3 0.06 0.51
97.80 d#3 0.07 0.50
97.97 g5 0.07 0.63
97.97 g4 0.07 0.56
97.98 g2 0.07 0.58
98.16 c3 0.05 0.64
98.15 c6 0.06 0.69
98.15 c5 0.06 0.61
98.16 e3 0.06 0.61
98.33 e6 0.07 0.64
98.33 e5 0.07 0.57
98.34 g2 0.08 0.61
98.50 g6 0.08 0.69
98.50 g5 0.08 0.61
98.51 c3 0.07 0.61
98.52 e3 0.08 0.60
98.72 f3 0.08 0.66
98.72 a6 0.08 0.72
98.72 a5 0.08 0.65
98.72 g2 0.08 0.64
98.72 b2 0.09 0.61
99.08 b5 0.06 0.69
99.14 c6 0.06 0.55
99.20 b5 0.06 0.57
99.09 d3 0.20 0.60
99.25 c6 0.07 0.52
99.09 f3 0.25 0.66
99.09 g2 0.31 0.65
99.32 a5 0.09 0.56
99.09 b2 0.32 0.59
99.38 b5 0.12 0.61
99.47 c6 0.07 0.71
99.50 c3 0.07 0.64
99.50 e3 0.08 0.63
99.86 c6 0.10 0.48
99.88 e6 0.10 0.54
99.89 g6 0.09 0.59
99.90 c3 0.09 0.65
99.88 c2 0.11 0.63
99.91 c7 0.10 0.69
100.48 b3 0.03 0.52
100.48 b4 0.03 0.56
100.48 b5 0.05 0.57
100.48 b2 0.05 0.53
100.65 f#5 0.03 0.52
100.65 f#3 0.03 0.54
100.84 b2 0.28 0.58
100.85 b3 0.29 0.58
100.84 b4 0.31 0.57
100.84 b5 0.32 0.59
101.22 b4 0.02 0.55
101.22 b3 0.02 0.54
101.22 b5 0.03 0.56
101.22 b2 0.05 0.54
101.40 g5 0.03 0.56
101.39 g3 0.04 0.61
101.58 b3 0.27 0.64
101.58 b2 0.27 0.61
101.58 b5 0.31 0.65
101.58 b4 0.32 0.64
101.94 b3 0.05 0.57
101.93 b5 0.06 0.61
102.10 b4 0.04 0.57
102.10 b2 0.05 0.58
102.28 d#5 0.05 0.57
102.28 d#3 0.06 0.54
102.44 f#5 0.05 0.59
102.44 f#3 0.05 0.57
102.63 b4 0.04 0.61
102.62 b3 0.05 0.59
102.62 b2 0.07 0.52
102.62 b5 0.08 0.65
102.99 b1 0.06 0.64
102.99 b2 0.07 0.64
103.29 e5 0.09 0.38
103.32 g5 0.07 0.40
103.36 b5 0.04 0.47
103.38 e6 0.04 0.66
103.38 e3 0.10 0.50
103.57 g3 0.02 0.44
103.57 b3 0.03 0.39
103.74 e4 0.04 0.45
103.76 e3 0.03 0.31
103.74 e5 0.05 0.47
103.94 g3 0.03 0.32
103.93 f#4 0.05 0.50
103.93 b3 0.04 0.35
103.93 f#5 0.05 0.54
104.10 g5 0.04 0.52
104.09 g4 0.05 0.50
104.11 e3 0.06 0.43
104.28 g3 0.02 0.37
104.27 b3 0.03 0.38
104.45 b4 0.03 0.51
104.45 e3 0.03 0.44
104.45 b5 0.05 0.52
104.65 g3 0.02 0.38
104.66 b3 0.04 0.35
104.82 c5 0.02 0.52
104.82 c6 0.04 0.52
104.83 e3 0.06 0.46
105.00 a3 0.03 0.33
105.00 c4 0.04 0.38
105.15 e5 0.04 0.58
105.15 e6 0.04 0.63
105.16 e3 0.06 0.50
105.34 a3 0.03 0.42
105.34 c4 0.03 0.38
105.52 e3 0.08 0.50
105.72 g3 0.02 0.39
105.71 b3 0.03 0.39
105.89 e3 0.06 0.40
106.09 g3 0.02 0.36
106.09 b3 0.03 0.25
105.52 b5 0.61 0.55
105.52 b4 0.65 0.57
106.28 a2 0.08 0.45
106.28 a5 0.11 0.60
106.35 a4 0.10 0.56
106.45 f#3 0.04 0.40
106.44 e5 0.06 0.57
106.52 f#5 0.05 0.54
106.63 c6 0.06 0.61
106.63 a2 0.11 0.42
106.83 e3 0.03 0.38
106.82 f#3 0.06 0.42
107.01 b2 0.10 0.45
107.01 g5 0.12 0.65
107.10 g4 0.08 0.49
107.16 e3 0.03 0.42
107.16 g3 0.03 0.37
107.17 b4 0.09 0.50
107.25 e5 0.05 0.54
107.36 b5 0.05 0.57
107.35 b2 0.13 0.39
107.56 e3 0.02 0.38
107.56 g3 0.04 0.45
107.76 f#5 0.06 0.61
107.76 b2 0.07 0.47
107.82 f#4 0.11 0.61
107.91 f#3 0.03 0.36
107.91 a3 0.03 0.40
107.92 d#5 0.05 0.54
108.00 f#5 0.05 0.57
108.10 b5 0.06 0.63
108.10 b2 0.13 0.43
108.29 f#3 0.03 0.32
108.28 a3 0.06 0.46
108.46 e3 0.03 0.50
108.47 g4 0.02 0.44
108.47 g3 0.03 0.27
108.46 g5 0.05 0.50
108.65 a3 0.03 0.37
108.64 f#4 0.05 0.54
108.65 b2 0.04 0.43
108.64 f#5 0.05 0.54
108.84 g3 0.03 0.43
108.84 e3 0.03 0.43
108.82 e4 0.06 0.50
108.83 e5 0.07 0.50
109.15 e5 0.06 0.47
109.17 g5 0.05 0.50
109.20 b5 0.03 0.51
109.21 e6 0.04 0.69
109.21 e3 0.14 0.50
109.39 b3 0.03 0.43
109.39 g3 0.04 0.50
109.56 e4 0.03 0.47
109.57 e3 0.03 0.39
109.55 e5 0.05 0.50
109.74 g3 0.02 0.38
109.73 f#4 0.04 0.48
109.74 b3 0.03 0.33
109.73 f#5 0.06 0.52
109.90 g4 0.04 0.38
109.90 g5 0.05 0.47
109.91 e3 0.05 0.43
110.09 g3 0.02 0.40
110.09 b3 0.03 0.32
110.27 b4 0.03 0.46
110.28 e3 0.04 0.39
110.27 b5 0.05 0.49
110.48 g3 0.02 0.32
110.48 b3 0.04 0.34
110.65 c5 0.03 0.50
110.65 c6 0.05 0.47
110.66 e3 0.04 0.43
110.84 c4 0.03 0.38
110.84 a3 0.03 0.35
111.01 e6 0.04 0.56
111.01 e5 0.05 0.48
111.02 e3 0.05 0.43
111.20 a3 0.03 0.39
111.20 c4 0.03 0.35
111.38 e3 0.06 0.51
111.56 g3 0.02 0.50
111.56 b3 0.02 0.42
111.73 e3 0.06 0.50
111.93 g3 0.02 0.44
111.93 b3 0.02 0.45
111.39 b5 0.59 0.61
111.39 b4 0.59 0.61
112.12 f#3 0.03 0.41
112.12 b4 0.05 0.54
112.13 b5 0.05 0.51
112.30 b3 0.03 0.39
112.30 a#4 0.04 0.55
112.31 a#5 0.04 0.51
112.46 b5 0.04 0.59
112.46 b4 0.05 0.58
112.47 f#3 0.06 0.49
112.64 d4 0.03 0.46
112.63 c#5 0.05 0.60
112.64 c#6 0.05 0.58
112.64 b3 0.05 0.50
112.81 d5 0.05 0.65
112.81 d6 0.05 0.65
112.82 f#3 0.06 0.56
112.99 d4 0.03 0.49
112.98 c#5 0.05 0.64
112.99 b3 0.04 0.53
112.99 c#6 0.05 0.62
113.15 d6 0.05 0.61
113.16 d5 0.05 0.60
113.15 f#3 0.07 0.55
113.33 e5 0.04 0.65
113.33 e6 0.05 0.70
113.33 b3 0.04 0.59
113.33 d4 0.05 0.57
113.52 f#3 0.08 0.61
113.52 f#6 0.08 0.65
113.52 e4 0.08 0.65
113.52 f#5 0.09 0.68
113.53 a#3 0.09 0.55
113.88 c#5 0.05 0.64
113.88 c#6 0.06 0.65
113.89 e4 0.05 0.64
113.89 f#3 0.08 0.64
113.90 c#4 0.08 0.58
114.06 f#5 0.03 0.67
114.06 f#6 0.04 0.67
114.25 d4 0.04 0.59
114.25 b4 0.04 0.66
114.25 b3 0.06 0.61
114.25 b5 0.09 0.64
114.61 b5 0.06 0.51
114.63 d6 0.06 0.57
114.64 f#6 0.07 0.64
114.64 b6 0.08 0.68
114.63 b2 0.10 0.56
114.63 b3 0.10 0.64
114.98 e5 0.05 0.52
115.00 g5 0.05 0.58
115.01 b5 0.04 0.59
115.02 e6 0.05 0.68
115.02 e3 0.07 0.57
115.21 g3 0.03 0.48
115.21 b3 0.03 0.41
115.38 e4 0.03 0.49
115.38 e5 0.04 0.46
115.39 e3 0.04 0.43
115.57 b3 0.03 0.31
115.56 f#4 0.05 0.50
115.58 g3 0.03 0.24
115.57 f#5 0.05 0.50
115.73 g4 0.03 0.38
115.73 g5 0.05 0.51
115.74 e3 0.06 0.42
115.91 g3 0.02 0.38
115.91 b3 0.03 0.34
116.09 b4 0.04 0.47
116.09 e3 0.04 0.42
116.09 b5 0.05 0.46
116.28 g3 0.03 0.37
116.29 b3 0.05 0.37
116.45 c5 0.04 0.50
116.46 c6 0.05 0.43
116.46 e3 0.06 0.42
116.65 a3 0.03 0.26
116.65 c4 0.03 0.28
116.82 e3 0.03 0.42
116.81 e6 0.05 0.53
116.81 e5 0.05 0.49
117.01 a3 0.02 0.34
117.01 c4 0.03 0.32
117.19 e3 0.05 0.46
117.37 g3 0.02 0.43
117.36 b3 0.03 0.43
117.54 e3 0.03 0.45
117.19 b5 0.44 0.57
117.18 b4 0.52 0.57
117.73 g3 0.02 0.36
117.73 b3 0.03 0.36
117.91 a2 0.07 0.48
117.92 a5 0.11 0.61
117.99 a4 0.10 0.54
118.07 f#3 0.03 0.39
118.07 e5 0.06 0.51
118.16 f#5 0.05 0.55
118.26 c6 0.05 0.59
118.25 a2 0.10 0.39
118.46 e3 0.02 0.35
118.44 f#3 0.06 0.43
118.63 g5 0.10 0.64
118.63 b2 0.10 0.46
118.70 g4 0.08 0.50
118.80 e3 0.03 0.31
118.80 g3 0.04 0.29
118.78 b4 0.08 0.47
118.86 e5 0.06 0.51
118.97 b5 0.04 0.50
118.97 b2 0.10 0.40
119.18 e3 0.03 0.39
119.18 g3 0.06 0.40
119.36 f#5 0.06 0.62
119.37 b2 0.09 0.50
119.42 f#4 0.09 0.60
119.51 a3 0.03 0.39
119.52 f#3 0.03 0.28
119.51 d#5 0.10 0.54
119.59 f#5 0.06 0.59
119.70 b5 0.05 0.66
119.70 b2 0.15 0.46
119.89 f#3 0.02 0.33
119.89 a3 0.06 0.49
120.06 g3 0.02 0.48
120.06 g5 0.04 0.59
120.06 e3 0.04 0.51
120.06 g4 0.04 0.60
120.25 a3 0.03 0.50
120.24 f#4 0.05 0.60
120.26 b2 0.02 0.38
120.24 f#5 0.05 0.60
120.43 e5 0.04 0.46
120.42 e4 0.04 0.56
120.43 g3 0.04 0.58
120.43 e3 0.05 0.57
120.76 e5 0.06 0.45
120.80 b5 0.03 0.54
120.78 g5 0.05 0.53
120.81 e6 0.04 0.67
120.82 e3 0.07 0.57
120.99 b3 0.03 0.50
120.99 g3 0.05 0.58
121.16 e4 0.02 0.46
121.16 e5 0.03 0.49
121.17 e3 0.04 0.43
121.36 g3 0.02 0.39
121.36 b3 0.03 0.31
121.35 f#4 0.05 0.50
121.35 f#5 0.05 0.50
121.52 g4 0.04 0.45
121.52 g5 0.05 0.46
121.53 e3 0.06 0.41
121.71 g3 0.02 0.40
121.71 b3 0.03 0.32
121.89 b4 0.04 0.50
121.89 b5 0.05 0.49
121.89 e3 0.05 0.40
122.08 g3 0.03 0.41
122.08 b3 0.04 0.30
122.25 c5 0.03 0.47
122.25 c6 0.04 0.46
122.26 e3 0.06 0.46
122.45 a3 0.03 0.38
122.45 c4 0.03 0.30
122.61 e5 0.04 0.48
122.61 e6 0.05 0.50
122.62 e3 0.06 0.45
122.82 a3 0.02 0.38
122.82 c4 0.03 0.31
122.99 e3 0.06 0.46
123.17 g3 0.02 0.43
123.17 b3 0.02 0.40
123.35 e3 0.05 0.48
123.56 g3 0.02 0.40
123.55 b3 0.03 0.41
122.99 b5 0.61 0.52
122.99 b4 0.63 0.54
123.73 f#3 0.03 0.41
123.73 b4 0.04 0.50
123.73 b5 0.05 0.46
123.91 b3 0.03 0.30
123.91 d4 0.03 0.31
123.89 a#4 0.05 0.51
123.90 a#5 0.05 0.49
124.07 b4 0.04 0.54
124.07 b5 0.05 0.55
124.07 f#3 0.06 0.47
124.25 d4 0.03 0.48
124.24 c#5 0.04 0.59
124.25 b3 0.04 0.52
124.25 c#6 0.05 0.57
124.43 d5 0.04 0.64
124.42 d6 0.05 0.65
124.42 f#3 0.06 0.57
124.59 c#5 0.05 0.64
124.60 d4 0.04 0.55
124.60 b3 0.04 0.54
124.59 c#6 0.05 0.61
124.76 d5 0.04 0.66
124.76 d6 0.05 0.65
124.76 f#3 0.07 0.56
124.93 b3 0.04 0.58
124.93 e5 0.05 0.65
124.93 e6 0.05 0.69
124.93 d4 0.05 0.56
125.11 f#5 0.08 0.64
125.12 e4 0.07 0.66
125.11 f#6 0.08 0.67
125.11 f#3 0.08 0.63
125.12 a#3 0.08 0.58
125.50 c#4 0.02 0.54
125.48 c#5 0.05 0.68
125.48 c#6 0.05 0.66
125.49 f#3 0.08 0.64
125.49 e4 0.10 0.63
125.65 f#5 0.04 0.69
125.65 f#6 0.05 0.67
125.84 d4 0.04 0.61
125.84 b4 0.05 0.66
125.84 b3 0.07 0.62
125.84 b5 0.11 0.64
126.22 b5 0.10 0.53
126.23 d6 0.12 0.53
126.24 f#6 0.12 0.59
126.24 b3 0.12 0.63
126.23 b2 0.14 0.58
126.25 b6 0.13 0.69
126.61 g5 0.02 0.59
126.61 e5 0.02 0.54
126.61 b5 0.04 0.61
126.60 e2 0.05 0.64
126.60 e3 0.06 0.66
126.80 g5 0.03 0.59
126.80 e5 0.03 0.55
126.80 b5 0.05 0.61
126.98 g5 0.03 0.58
126.98 e5 0.03 0.56
126.98 g2 0.04 0.63
126.97 b5 0.05 0.60
126.98 g3 0.06 0.64
127.16 g5 0.02 0.52
127.16 e5 0.02 0.50
127.15 b5 0.05 0.55
127.34 e5 0.02 0.54
127.34 g5 0.03 0.58
127.34 b5 0.05 0.59
127.54 e5 0.02 0.49
127.54 g5 0.02 0.50
127.54 b5 0.05 0.51
127.71 g5 0.04 0.50
127.71 e5 0.04 0.50
127.71 b5 0.05 0.49
127.34 b3 0.46 0.66
127.33 b2 0.47 0.64
127.89 e5 0.04 0.47
127.88 g5 0.05 0.54
127.88 b5 0.05 0.52
128.05 a5 0.03 0.54
128.05 c6 0.04 0.56
128.05 e5 0.04 0.54
128.05 a2 0.05 0.60
128.05 a3 0.05 0.66
128.24 a5 0.02 0.50
128.24 e5 0.03 0.57
128.24 c6 0.05 0.57
128.42 a5 0.03 0.54
128.42 e5 0.03 0.51
128.41 c6 0.05 0.58
128.42 c4 0.05 0.63
128.41 c3 0.05 0.64
128.60 a5 0.02 0.56
128.60 e5 0.04 0.57
128.60 c6 0.05 0.61
128.78 e5 0.04 0.63
128.78 a5 0.04 0.63
128.78 c6 0.04 0.64
128.96 a5 0.03 0.45
128.96 e5 0.03 0.51
128.96 c6 0.05 0.52
128.77 e4 0.37 0.69
129.13 a5 0.03 0.45
129.13 e5 0.03 0.46
129.13 c6 0.05 0.49
128.77 e3 0.42 0.68
129.31 a5 0.03 0.41
129.31 e5 0.05 0.50
129.31 c6 0.06 0.50
129.47 c6 0.05 0.49
129.49 d#3 0.06 0.47
129.50 b5 0.05 0.52
129.67 a3 0.02 0.42
129.67 b3 0.06 0.50
129.87 b5 0.05 0.47
129.87 b2 0.06 0.48
130.05 b3 0.04 0.44
130.05 a3 0.04 0.43
130.06 c#6 0.05 0.52
130.23 f#3 0.03 0.48
130.23 d#6 0.05 0.52
130.41 b3 0.02 0.44
130.41 a3 0.04 0.37
130.40 b5 0.06 0.48
130.58 b2 0.11 0.39
130.59 f#6 0.20 0.63
130.59 f#5 0.20 0.63
130.76 a3 0.03 0.35
130.76 b3 0.04 0.39
130.91 f#6 0.04 0.54
130.92 e3 0.06 0.50
130.94 e6 0.05 0.51
131.11 g3 0.02 0.43
131.10 b3 0.04 0.45
131.28 b2 0.05 0.35
131.28 e6 0.05 0.50
131.45 g3 0.03 0.43
131.45 b3 0.04 0.43
131.45 f#6 0.05 0.52
131.63 g6 0.05 0.51
131.63 e3 0.06 0.47
131.80 g3 0.03 0.46
131.80 b3 0.04 0.44
131.80 e6 0.05 0.55
131.98 b6 0.08 0.57
131.98 b5 0.08 0.57
131.96 b2 0.18 0.48
132.15 b3 0.06 0.42
132.16 g3 0.06 0.43
132.35 g5 0.02 0.51
132.34 e5 0.02 0.51
132.34 e3 0.04 0.67
132.35 e2 0.04 0.69
132.34 b5 0.05 0.55
132.53 g5 0.02 0.45
132.53 e5 0.02 0.44
132.53 b5 0.05 0.51
132.70 g5 0.02 0.50
132.70 e5 0.02 0.45
132.70 g2 0.04 0.65
132.70 b5 0.03 0.55
132.69 g3 0.05 0.67
132.87 g5 0.02 0.50
132.87 e5 0.02 0.50
132.87 b5 0.04 0.53
133.05 g5 0.02 0.54
133.05 e5 0.02 0.54
133.05 b5 0.05 0.57
133.25 g5 0.02 0.47
133.25 e5 0.02 0.44
133.25 b5 0.05 0.55
133.42 e5 0.03 0.49
133.42 g5 0.05 0.52
133.42 b5 0.05 0.50
133.05 b3 0.46 0.65
133.05 b2 0.51 0.65
133.59 e5 0.03 0.47
133.59 g5 0.03 0.49
133.59 b5 0.05 0.48
133.76 a5 0.02 0.51
133.76 e5 0.04 0.57
133.75 c6 0.05 0.58
133.76 a2 0.05 0.64
133.76 a3 0.06 0.64
133.94 a5 0.02 0.50
133.94 e5 0.03 0.54
133.94 c6 0.04 0.57
134.11 e5 0.03 0.54
134.11 a5 0.03 0.51
134.11 c6 0.03 0.53
134.11 c3 0.04 0.63
134.11 c4 0.06 0.64
134.29 a5 0.02 0.52
134.29 e5 0.03 0.54
134.29 c6 0.05 0.58
134.47 e5 0.04 0.61
134.47 a5 0.04 0.61
134.47 c6 0.05 0.64
134.46 e4 0.13 0.67
134.46 e3 0.20 0.66
134.64 a5 0.02 0.46
134.64 e5 0.03 0.51
134.64 c6 0.05 0.52
134.81 a5 0.03 0.50
134.81 e5 0.03 0.54
134.81 c6 0.05 0.55
134.99 a5 0.02 0.49
134.98 e5 0.03 0.52
134.98 c6 0.05 0.54
135.15 b5 0.05 0.61
135.15 b4 0.05 0.61
135.15 b2 0.06 0.54
135.31 g3 0.03 0.52
135.31 e3 0.03 0.54
135.31 e6 0.04 0.61
135.31 e5 0.04 0.61
135.49 b2 0.08 0.51
135.66 e3 0.03 0.47
135.67 g3 0.03 0.44
135.49 b5 0.33 0.57
135.49 b4 0.33 0.57
135.85 g5 0.04 0.56
135.85 g4 0.04 0.56
135.84 b2 0.05 0.44
136.01 e3 0.03 0.50
136.01 g3 0.03 0.50
136.01 b5 0.06 0.61
136.01 b4 0.06 0.61
136.18 e6 0.05 0.54
136.18 e5 0.05 0.54
136.18 b2 0.06 0.43
136.35 e3 0.03 0.50
136.34 g3 0.05 0.54
136.35 g6 0.05 0.61
136.35 g5 0.05 0.61
136.53 a3 0.02 0.57
136.52 f#6 0.05 0.65
136.52 f#5 0.05 0.65
136.53 d#3 0.05 0.61
136.53 b2 0.05 0.57
136.69 b6 0.06 0.59
136.69 b5 0.06 0.59
136.87 f#3 0.02 0.51
136.87 a3 0.02 0.48
136.87 b2 0.02 0.44
136.87 d#6 0.05 0.61
136.87 d#5 0.05 0.61
137.03 f#6 0.05 0.54
137.03 f#5 0.05 0.54
137.21 g3 0.05 0.58
137.21 e6 0.06 0.57
137.21 e5 0.06 0.57
137.22 e3 0.06 0.57
137.56 e7 0.09 0.63
137.56 e2 0.10 0.65
137.57 b6 0.10 0.62
137.56 g6 0.11 0.65
137.56 e3 0.11 0.68
137.57 e6 0.11 0.65
137.95 a2 0.09 0.62
137.95 a3 0.09 0.66
137.94 e5 0.10 0.66
137.94 c6 0.11 0.64
137.94 c5 0.11 0.66
137.95 f#5 0.11 0.64
138.38 g#5 0.04 0.33
138.35 b4 0.09 0.66
138.35 b3 0.09 0.66
138.35 d#5 0.11 0.65
138.34 f#5 0.11 0.64
138.35 b5 0.12 0.65
138.35 b2 0.13 0.57
138.79 e3 0.08 0.67
138.80 e5 0.08 0.66
138.79 e2 0.10 0.65
138.80 g5 0.09 0.67
138.81 b5 0.09 0.65
138.80 e6 0.11 0.70
end
