# Outputted with MidiToZac v0.2
# Start of Music
bpm 60

num_parts 2

# Instrument: 

part
num_notes 968
0.000000 d5 0.748958 0.629921
0.750000 a4 0.123958 0.629921
0.875000 c5 0.117708 0.629921
1.000000 d5 0.748958 0.629921
1.750000 a4 0.123958 0.629921
1.875000 c5 0.117708 0.629921
2.000000 d5 0.748958 0.629921
2.750000 a4 0.123958 0.629921
2.875000 c5 0.117708 0.629921
3.000000 d5 0.748958 0.629921
3.750000 a4 0.123958 0.629921
3.875000 c5 0.117708 0.629921
4.000000 d5 0.117708 0.629921
4.125000 c5 0.117708 0.629921
4.250000 a4 0.117708 0.629921
4.375000 c5 0.117708 0.629921
4.500000 d5 0.117708 0.629921
4.625000 c5 0.117708 0.629921
4.750000 a4 0.117708 0.629921
4.875000 c5 0.117708 0.629921
5.000000 d5 0.117708 0.629921
5.125000 c5 0.117708 0.629921
5.250000 a4 0.117708 0.629921
5.375000 c5 0.117708 0.629921
5.500000 d5 0.117708 0.629921
5.625000 c5 0.117708 0.629921
5.750000 a4 0.117708 0.629921
5.875000 c5 0.117708 0.629921
6.000000 d5 0.236458 0.629921
6.250000 c5 0.123958 0.606299
6.375000 d5 0.117708 0.606299
6.500000 d5 0.236458 0.574803
6.750000 c5 0.123958 0.543307
6.875000 d5 0.117708 0.543307
7.000000 d5 0.236458 0.511811
7.250000 c5 0.123958 0.480315
7.375000 d5 0.117708 0.480315
7.500000 d5 0.236458 0.448819
7.750000 c5 0.123958 0.417323
7.875000 d5 0.117708 0.417323
8.000000 d4 0.248958 0.385827
8.250000 a4 0.236458 0.385827
8.500000 f4 0.236458 0.385827
8.750000 d4 0.236458 0.385827
9.000000 a4 0.248958 0.385827
9.250000 d5 0.236458 0.385827
9.500000 c5 0.236458 0.385827
9.750000 a4 0.236458 0.385827
10.000000 g4 0.123958 0.385827
10.125000 a4 0.123958 0.401575
10.250000 g4 0.123958 0.425197
10.375000 f4 0.117708 0.448819
10.500000 g4 0.123958 0.472441
10.625000 a4 0.123958 0.496063
10.750000 g4 0.123958 0.519685
10.875000 f4 0.117708 0.543307
11.000000 g4 0.123958 0.566929
11.125000 a4 0.123958 0.590551
11.250000 g4 0.123958 0.614173
11.375000 f4 0.117708 0.637795
11.500000 g4 0.123958 0.661417
11.625000 a4 0.123958 0.685039
11.750000 g4 0.123958 0.708661
11.875000 f4 0.117708 0.732283
12.000000 d4 0.248958 0.755906
12.250000 a4 0.236458 0.755906
12.500000 f4 0.236458 0.755906
12.750000 d4 0.236458 0.755906
13.000000 a4 0.248958 0.755906
13.250000 d5 0.236458 0.755906
13.500000 c5 0.236458 0.755906
13.750000 a4 0.236458 0.755906
14.000000 g4 0.123958 0.755906
14.125000 a4 0.123958 0.755906
14.250000 g4 0.123958 0.755906
14.375000 f4 0.117708 0.755906
14.500000 g4 0.123958 0.755906
14.625000 a4 0.123958 0.755906
14.750000 g4 0.123958 0.755906
14.875000 f4 0.117708 0.755906
15.000000 g4 0.123958 0.755906
15.125000 a4 0.123958 0.755906
15.250000 g4 0.123958 0.755906
15.375000 f4 0.117708 0.755906
15.500000 g4 0.123958 0.755906
15.625000 a4 0.123958 0.755906
15.750000 g4 0.123958 0.755906
15.875000 f4 0.117708 0.755906
16.000000 g4 0.748958 0.755906
16.750000 d4 0.123958 0.755906
16.875000 f4 0.117708 0.755906
17.000000 g4 0.748958 0.755906
17.750000 d4 0.123958 0.755906
17.875000 f4 0.117708 0.755906
18.000000 g4 0.748958 0.755906
18.750000 d4 0.123958 0.755906
18.875000 f4 0.117708 0.755906
19.000000 g4 0.748958 0.755906
19.750000 d4 0.123958 0.755906
19.875000 f4 0.117708 0.755906
20.000000 g4 0.123958 0.755906
20.125000 a4 0.123958 0.755906
20.250000 g4 0.123958 0.755906
20.375000 f4 0.117708 0.755906
20.500000 g4 0.123958 0.755906
20.625000 a4 0.123958 0.755906
20.750000 g4 0.123958 0.755906
20.875000 f4 0.117708 0.755906
21.000000 g4 0.123958 0.755906
21.125000 a4 0.123958 0.755906
21.250000 g4 0.123958 0.755906
21.375000 f4 0.117708 0.755906
21.500000 g4 0.123958 0.755906
21.625000 a4 0.123958 0.755906
21.750000 g4 0.123958 0.755906
21.875000 f4 0.117708 0.755906
22.000000 g4 0.236458 0.755906
22.250000 f4 0.123958 0.724409
22.375000 g4 0.117708 0.724409
22.500000 g4 0.236458 0.692913
22.750000 f4 0.123958 0.661417
22.875000 g4 0.117708 0.661417
23.000000 g4 0.236458 0.629921
23.250000 f4 0.123958 0.598425
23.375000 g4 0.117708 0.598425
23.500000 g4 0.236458 0.566929
23.750000 f4 0.123958 0.535433
23.875000 g4 0.117708 0.535433
24.000000 d4 0.473958 0.503937
24.500000 d5 0.473958 0.503937
25.000000 c5 0.473958 0.503937
25.500000 a4 0.473958 0.503937
26.000000 g4 0.473958 0.503937
26.500000 c5 0.473958 0.503937
27.000000 a4 0.473958 0.503937
27.500000 f4 0.473958 0.503937
28.000000 d4 0.473958 0.881890
28.500000 d5 0.473958 0.881890
29.000000 c5 0.473958 0.881890
29.500000 a4 0.473958 0.881890
30.000000 g4 0.473958 0.881890
30.500000 c5 0.473958 0.881890
31.000000 a4 0.473958 0.881890
31.500000 f4 0.473958 0.881890
32.000000 d4 0.748958 0.881890
32.750000 f4 0.123958 0.881890
32.875000 g4 0.117708 0.881890
33.000000 d4 0.748958 0.881890
33.750000 f4 0.123958 0.881890
33.875000 g4 0.117708 0.881890
34.000000 d4 0.748958 0.881890
34.750000 f4 0.123958 0.881890
34.875000 g4 0.117708 0.881890
35.000000 d4 0.748958 0.881890
35.750000 f4 0.123958 0.881890
35.875000 g4 0.117708 0.881890
36.000000 d4 0.123958 0.881890
36.125000 g4 0.123958 0.866142
36.250000 f4 0.123958 0.850394
36.375000 g4 0.117708 0.834646
36.500000 d4 0.123958 0.818898
36.625000 g4 0.123958 0.803150
36.750000 f4 0.123958 0.787402
36.875000 g4 0.117708 0.771654
37.000000 d4 0.123958 0.755906
37.125000 g4 0.123958 0.740157
37.250000 f4 0.123958 0.724409
37.375000 g4 0.117708 0.708661
37.500000 d4 0.123958 0.692913
37.625000 g4 0.123958 0.677165
37.750000 f4 0.123958 0.661417
37.875000 g4 0.117708 0.645669
38.000000 d4 0.473958 0.629921
38.500000 d4 0.236458 0.629921
38.750000 d4 0.236458 0.629921
39.000000 d4 0.711458 0.629921
40.000000 a4 0.236458 0.629921
40.250000 a4 0.236458 0.629921
40.500000 d5 0.236458 0.629921
40.750000 f5 0.236458 0.629921
41.000000 c5 0.236458 0.629921
41.250000 c5 0.236458 0.629921
41.500000 c5 0.236458 0.629921
41.750000 a4 0.236458 0.629921
42.000000 c5 0.236458 0.629921
42.250000 d5 0.236458 0.629921
42.500000 f5 0.236458 0.629921
42.750000 f5 0.236458 0.629921
43.000000 d5 0.948958 0.629921
44.000000 a4 0.236458 0.629921
44.250000 a4 0.236458 0.629921
44.500000 d5 0.236458 0.629921
44.750000 f5 0.236458 0.629921
45.000000 c5 0.236458 0.629921
45.250000 c5 0.236458 0.629921
45.500000 c5 0.236458 0.629921
45.750000 a4 0.236458 0.629921
46.000000 g4 0.236458 0.629921
46.250000 a4 0.236458 0.629921
46.500000 d5 0.236458 0.629921
46.750000 c5 0.236458 0.629921
47.000000 a4 0.948958 0.629921
48.000000 c5 0.236458 0.629921
48.250000 c5 0.236458 0.629921
48.500000 d5 0.236458 0.629921
48.750000 f5 0.236458 0.629921
49.000000 f4 0.236458 0.629921
49.250000 f4 0.236458 0.629921
49.500000 f4 0.236458 0.629921
49.750000 d4 0.236458 0.629921
50.000000 g4 0.236458 0.629921
50.250000 a4 0.236458 0.629921
50.500000 d5 0.236458 0.629921
50.750000 c5 0.236458 0.629921
51.000000 a4 0.236458 0.629921
51.250000 a4 0.236458 0.629921
51.500000 a4 0.236458 0.629921
51.750000 g4 0.236458 0.629921
52.000000 f4 0.236458 0.629921
52.250000 g4 0.236458 0.629921
52.500000 a4 0.236458 0.629921
52.750000 c5 0.236458 0.629921
53.000000 d5 0.236458 0.629921
53.250000 d5 0.236458 0.629921
53.500000 d4 0.236458 0.629921
53.750000 d4 0.236458 0.629921
54.000000 g4 0.236458 0.629921
54.250000 a4 0.236458 0.629921
54.500000 f4 0.236458 0.629921
54.750000 f4 0.236458 0.629921
55.000000 d4 0.948958 0.629921
56.000000 a4 0.473958 0.755906
56.500000 d5 0.373958 0.755906
56.875000 f5 0.117708 0.755906
57.000000 c5 0.748958 0.755906
57.750000 a4 0.236458 0.755906
58.000000 c5 0.248958 0.755906
58.250000 d5 0.236458 0.755906
58.500000 f5 0.057292 0.755906
58.562500 g5 0.057292 0.755906
58.625000 f5 0.057292 0.755906
58.687500 g5 0.057292 0.755906
58.750000 f5 0.057292 0.755906
58.812500 g5 0.057292 0.755906
58.875000 f5 0.057292 0.755906
58.937500 g5 0.057292 0.755906
59.000000 d5 0.948958 0.755906
60.000000 a4 0.473958 0.755906
60.500000 d5 0.373958 0.755906
60.875000 f5 0.117708 0.755906
61.000000 c5 0.473958 0.755906
61.500000 c5 0.248958 0.755906
61.750000 a4 0.236458 0.755906
62.000000 g4 0.248958 0.755906
62.250000 a4 0.236458 0.755906
62.500000 d5 0.236458 0.755906
62.750000 c5 0.236458 0.755906
63.000000 a4 0.948958 0.755906
64.000000 c5 0.473958 0.755906
64.500000 d5 0.373958 0.755906
64.875000 f5 0.117708 0.755906
65.000000 f4 0.748958 0.755906
65.750000 d4 0.236458 0.755906
66.000000 g4 0.248958 0.755906
66.250000 a4 0.236458 0.755906
66.500000 d5 0.248958 0.755906
66.750000 c5 0.236458 0.755906
67.000000 a4 0.473958 0.755906
67.500000 a4 0.248958 0.755906
67.750000 g4 0.236458 0.755906
68.000000 f4 0.373958 0.755906
68.375000 g4 0.117708 0.755906
68.500000 a4 0.373958 0.755906
68.875000 c5 0.117708 0.755906
69.000000 d5 0.473958 0.755906
69.500000 d4 0.473958 0.755906
70.000000 g4 0.248958 0.755906
70.250000 a4 0.236458 0.755906
70.500000 f4 0.057292 0.755906
70.562500 g4 0.057292 0.755906
70.625000 f4 0.057292 0.755906
70.687500 g4 0.057292 0.755906
70.750000 f4 0.057292 0.755906
70.812500 g4 0.057292 0.755906
70.875000 f4 0.057292 0.755906
70.937500 g4 0.057292 0.755906
71.000000 d4 0.948958 0.755906
72.000000 a5 0.123958 0.755906
72.250000 a5 0.061458 0.755906
72.375000 a5 0.061458 0.755906
72.500000 d6 0.123958 0.755906
72.750000 f6 0.123958 0.755906
73.000000 c6 0.123958 0.755906
73.250000 c6 0.061458 0.755906
73.375000 c6 0.061458 0.755906
73.500000 c6 0.123958 0.755906
73.750000 a5 0.123958 0.755906
74.000000 c6 0.123958 0.755906
74.250000 c6 0.061458 0.755906
74.375000 d6 0.061458 0.755906
74.500000 f6 0.123958 0.755906
74.750000 g6 0.061458 0.755906
74.875000 f6 0.061458 0.755906
75.000000 d6 0.123958 0.755906
75.250000 d6 0.061458 0.755906
75.375000 d6 0.061458 0.755906
75.500000 d6 0.123958 0.755906
75.750000 d5 0.123958 0.755906
75.750000 d6 0.123958 0.755906
76.000000 a5 0.123958 0.755906
76.250000 a5 0.061458 0.755906
76.375000 a5 0.061458 0.755906
76.500000 d6 0.123958 0.755906
76.750000 f6 0.123958 0.755906
77.000000 c6 0.123958 0.755906
77.250000 c6 0.061458 0.755906
77.375000 c6 0.061458 0.755906
77.500000 c6 0.123958 0.755906
77.750000 a5 0.123958 0.755906
78.000000 g5 0.123958 0.755906
78.250000 g5 0.061458 0.755906
78.375000 a5 0.061458 0.755906
78.500000 d6 0.123958 0.755906
78.750000 c6 0.123958 0.755906
79.000000 a5 0.123958 0.755906
79.250000 a5 0.061458 0.755906
79.375000 c6 0.061458 0.755906
79.500000 a5 0.123958 0.755906
79.750000 d5 0.123958 0.755906
80.000000 c6 0.123958 0.755906
80.250000 c6 0.061458 0.755906
80.375000 c6 0.061458 0.755906
80.500000 d6 0.123958 0.755906
80.750000 f6 0.123958 0.755906
81.000000 f5 0.123958 0.755906
81.250000 f5 0.061458 0.755906
81.375000 f5 0.061458 0.755906
81.500000 f5 0.123958 0.755906
81.750000 d5 0.123958 0.755906
82.000000 g5 0.123958 0.755906
82.250000 g5 0.061458 0.755906
82.375000 a5 0.061458 0.755906
82.500000 d6 0.123958 0.755906
82.750000 c6 0.123958 0.755906
83.000000 a5 0.123958 0.755906
83.250000 a5 0.061458 0.755906
83.375000 c6 0.061458 0.755906
83.500000 a5 0.123958 0.755906
83.750000 g5 0.123958 0.755906
84.000000 f5 0.117708 0.755906
84.125000 d5 0.117708 0.755906
84.250000 f5 0.117708 0.755906
84.375000 g5 0.117708 0.755906
84.500000 a5 0.117708 0.755906
84.625000 g5 0.117708 0.755906
84.750000 a5 0.117708 0.755906
84.875000 c6 0.117708 0.755906
85.000000 d6 0.117708 0.755906
85.125000 c6 0.117708 0.755906
85.250000 d6 0.117708 0.755906
85.375000 f6 0.117708 0.755906
85.500000 c6 0.117708 0.755906
85.625000 d6 0.117708 0.755906
85.750000 c6 0.117708 0.755906
85.875000 a5 0.117708 0.755906
86.000000 g5 0.117708 0.755906
86.125000 a5 0.117708 0.755906
86.250000 g5 0.117708 0.755906
86.375000 f5 0.117708 0.755906
86.500000 g5 0.117708 0.755906
86.625000 f5 0.117708 0.755906
86.750000 d5 0.117708 0.755906
86.875000 f5 0.117708 0.755906
87.000000 d5 0.473958 0.755906
87.500000 d6 0.473958 0.755906
88.000000 d5 0.711458 0.629921
88.750000 a4 0.123958 0.629921
88.875000 c5 0.117708 0.629921
89.000000 d5 0.711458 0.629921
89.750000 a4 0.123958 0.629921
89.875000 c5 0.117708 0.629921
90.000000 d5 0.711458 0.629921
90.750000 a4 0.123958 0.629921
90.875000 c5 0.117708 0.629921
91.000000 d5 0.711458 0.629921
91.750000 f4 0.117708 0.629921
91.875000 g4 0.117708 0.629921
92.000000 a4 0.473958 0.385827
92.500000 d5 0.473958 0.385827
93.000000 a4 0.473958 0.385827
93.500000 d5 0.473958 0.385827
94.000000 a4 0.117708 0.755906
94.125000 c5 0.117708 0.755906
94.250000 a4 0.117708 0.755906
94.375000 g4 0.117708 0.755906
94.500000 f4 0.236458 0.755906
94.750000 a4 0.236458 0.755906
95.000000 d4 0.711458 0.755906
95.750000 f4 0.123958 0.755906
95.875000 g4 0.117708 0.755906
96.000000 a4 0.473958 0.385827
96.500000 d5 0.473958 0.385827
97.000000 a4 0.473958 0.385827
97.500000 d5 0.473958 0.385827
98.000000 a4 0.117708 0.755906
98.125000 c5 0.117708 0.755906
98.250000 a4 0.117708 0.755906
98.375000 g4 0.117708 0.755906
98.500000 f4 0.236458 0.755906
98.750000 a4 0.236458 0.755906
99.000000 d4 0.711458 0.755906
100.000000 f5 0.248958 0.503937
100.250000 d5 0.236458 0.503937
100.500000 d5 0.248958 0.503937
100.750000 a5 0.236458 0.503937
101.000000 f5 0.248958 0.503937
101.250000 d5 0.236458 0.503937
101.500000 d5 0.248958 0.503937
101.750000 a4 0.236458 0.503937
102.000000 f5 0.248958 0.755906
102.250000 d5 0.236458 0.755906
102.500000 d5 0.248958 0.755906
102.750000 a5 0.236458 0.755906
103.000000 f5 0.248958 0.755906
103.250000 d5 0.236458 0.755906
103.500000 d5 0.236458 0.755906
103.750000 a4 0.236458 0.755906
104.000000 f4 0.473958 0.503937
104.500000 g4 0.473958 0.527559
105.000000 a4 0.473958 0.551181
105.500000 c5 0.473958 0.582677
106.000000 c5 0.473958 0.606299
106.500000 d5 0.473958 0.637795
107.000000 f5 0.473958 0.661417
107.500000 g5 0.473958 0.692913
108.000000 a5 0.117708 0.716535
108.125000 g5 0.117708 0.724409
108.250000 f5 0.117708 0.732283
108.375000 g5 0.117708 0.740157
108.500000 a5 0.117708 0.740157
108.625000 g5 0.117708 0.748031
108.750000 f5 0.117708 0.755906
108.875000 g5 0.117708 0.763780
109.000000 a5 0.117708 0.771654
109.125000 g5 0.117708 0.779528
109.250000 f5 0.117708 0.787402
109.375000 g5 0.117708 0.787402
109.500000 a5 0.117708 0.795276
109.625000 g5 0.117708 0.803150
109.750000 f5 0.117708 0.811024
109.875000 g5 0.117708 0.818898
110.000000 a5 0.117708 0.826772
110.125000 g5 0.117708 0.834646
110.250000 f5 0.117708 0.834646
110.375000 g5 0.117708 0.842520
110.500000 a5 0.117708 0.850394
110.625000 g5 0.117708 0.858268
110.750000 f5 0.117708 0.866142
110.875000 g5 0.117708 0.874016
111.000000 a5 0.117708 0.881890
111.125000 g5 0.117708 0.881890
111.250000 f5 0.117708 0.881890
111.375000 g5 0.117708 0.881890
111.500000 a5 0.117708 0.881890
111.625000 g5 0.117708 0.881890
111.750000 f5 0.117708 0.881890
111.875000 c6 0.117708 0.881890
112.000000 d6 0.948958 0.881890
113.000000 d5 0.748958 0.629921
113.750000 a4 0.123958 0.629921
113.875000 c5 0.117708 0.629921
114.000000 d5 0.748958 0.629921
114.750000 a4 0.123958 0.629921
114.875000 c5 0.117708 0.629921
115.000000 d5 0.748958 0.629921
115.750000 a4 0.123958 0.629921
115.875000 c5 0.117708 0.629921
116.000000 d5 0.748958 0.629921
116.750000 a4 0.123958 0.629921
116.875000 c5 0.117708 0.629921
117.000000 d5 0.117708 0.629921
117.125000 c5 0.117708 0.629921
117.250000 a4 0.117708 0.629921
117.375000 c5 0.117708 0.629921
117.500000 d5 0.117708 0.629921
117.625000 c5 0.117708 0.629921
117.750000 a4 0.117708 0.629921
117.875000 c5 0.117708 0.629921
118.000000 d5 0.117708 0.629921
118.125000 c5 0.117708 0.629921
118.250000 a4 0.117708 0.629921
118.375000 c5 0.117708 0.629921
118.500000 d5 0.117708 0.629921
118.625000 c5 0.117708 0.629921
118.750000 a4 0.117708 0.629921
118.875000 c5 0.117708 0.629921
119.000000 d5 0.236458 0.629921
119.250000 c5 0.123958 0.606299
119.375000 d5 0.117708 0.606299
119.500000 d5 0.236458 0.574803
119.750000 c5 0.123958 0.543307
119.875000 d5 0.117708 0.543307
120.000000 d5 0.236458 0.511811
120.250000 c5 0.123958 0.480315
120.375000 d5 0.117708 0.480315
120.500000 d5 0.236458 0.448819
120.750000 c5 0.123958 0.417323
120.875000 d5 0.117708 0.417323
121.000000 d4 0.248958 0.385827
121.250000 a4 0.236458 0.385827
121.500000 f4 0.236458 0.385827
121.750000 d4 0.236458 0.385827
122.000000 a4 0.248958 0.385827
122.250000 d5 0.236458 0.385827
122.500000 c5 0.236458 0.385827
122.750000 a4 0.236458 0.385827
123.000000 g4 0.123958 0.385827
123.125000 a4 0.123958 0.401575
123.250000 g4 0.123958 0.425197
123.375000 f4 0.117708 0.448819
123.500000 g4 0.123958 0.472441
123.625000 a4 0.123958 0.496063
123.750000 g4 0.123958 0.519685
123.875000 f4 0.117708 0.543307
124.000000 g4 0.123958 0.566929
124.125000 a4 0.123958 0.590551
124.250000 g4 0.123958 0.614173
124.375000 f4 0.117708 0.637795
124.500000 g4 0.123958 0.661417
124.625000 a4 0.123958 0.685039
124.750000 g4 0.123958 0.708661
124.875000 f4 0.117708 0.732283
125.000000 d4 0.248958 0.755906
125.250000 a4 0.236458 0.755906
125.500000 f4 0.236458 0.755906
125.750000 d4 0.236458 0.755906
126.000000 a4 0.248958 0.755906
126.250000 d5 0.236458 0.755906
126.500000 c5 0.236458 0.755906
126.750000 a4 0.236458 0.755906
127.000000 g4 0.123958 0.755906
127.125000 a4 0.123958 0.755906
127.250000 g4 0.123958 0.755906
127.375000 f4 0.117708 0.755906
127.500000 g4 0.123958 0.755906
127.625000 a4 0.123958 0.755906
127.750000 g4 0.123958 0.755906
127.875000 f4 0.117708 0.755906
128.000000 g4 0.123958 0.755906
128.125000 a4 0.123958 0.755906
128.250000 g4 0.123958 0.755906
128.375000 f4 0.117708 0.755906
128.500000 g4 0.123958 0.755906
128.625000 a4 0.123958 0.755906
128.750000 g4 0.123958 0.755906
128.875000 f4 0.117708 0.755906
129.000000 g4 0.748958 0.755906
129.750000 d4 0.123958 0.755906
129.875000 f4 0.117708 0.755906
130.000000 g4 0.748958 0.755906
130.750000 d4 0.123958 0.755906
130.875000 f4 0.117708 0.755906
131.000000 g4 0.748958 0.755906
131.750000 d4 0.123958 0.755906
131.875000 f4 0.117708 0.755906
132.000000 g4 0.748958 0.755906
132.750000 d4 0.123958 0.755906
132.875000 f4 0.117708 0.755906
133.000000 g4 0.123958 0.755906
133.125000 a4 0.123958 0.755906
133.250000 g4 0.123958 0.755906
133.375000 f4 0.117708 0.755906
133.500000 g4 0.123958 0.755906
133.625000 a4 0.123958 0.755906
133.750000 g4 0.123958 0.755906
133.875000 f4 0.117708 0.755906
134.000000 g4 0.123958 0.755906
134.125000 a4 0.123958 0.755906
134.250000 g4 0.123958 0.755906
134.375000 f4 0.117708 0.755906
134.500000 g4 0.123958 0.755906
134.625000 a4 0.123958 0.755906
134.750000 g4 0.123958 0.755906
134.875000 f4 0.117708 0.755906
135.000000 g4 0.236458 0.755906
135.250000 f4 0.123958 0.724409
135.375000 g4 0.117708 0.724409
135.500000 g4 0.236458 0.692913
135.750000 f4 0.123958 0.661417
135.875000 g4 0.117708 0.661417
136.000000 g4 0.236458 0.629921
136.250000 f4 0.123958 0.598425
136.375000 g4 0.117708 0.598425
136.500000 g4 0.236458 0.566929
136.750000 f4 0.123958 0.535433
136.875000 g4 0.117708 0.535433
137.000000 d4 0.473958 0.503937
137.500000 d5 0.473958 0.503937
138.000000 c5 0.473958 0.503937
138.500000 a4 0.473958 0.503937
139.000000 g4 0.473958 0.503937
139.500000 c5 0.473958 0.503937
140.000000 a4 0.473958 0.503937
140.500000 f4 0.473958 0.503937
141.000000 d4 0.473958 0.881890
141.500000 d5 0.473958 0.881890
142.000000 c5 0.473958 0.881890
142.500000 a4 0.473958 0.881890
143.000000 g4 0.473958 0.881890
143.500000 c5 0.473958 0.881890
144.000000 a4 0.473958 0.881890
144.500000 f4 0.473958 0.881890
145.000000 d4 0.748958 0.881890
145.750000 f4 0.123958 0.881890
145.875000 g4 0.117708 0.881890
146.000000 d4 0.748958 0.881890
146.750000 f4 0.123958 0.881890
146.875000 g4 0.117708 0.881890
147.000000 d4 0.748958 0.881890
147.750000 f4 0.123958 0.881890
147.875000 g4 0.117708 0.881890
148.000000 d4 0.748958 0.881890
148.750000 f4 0.123958 0.881890
148.875000 g4 0.117708 0.881890
149.000000 d4 0.123958 0.881890
149.125000 g4 0.123958 0.866142
149.250000 f4 0.123958 0.850394
149.375000 g4 0.117708 0.834646
149.500000 d4 0.123958 0.818898
149.625000 g4 0.123958 0.803150
149.750000 f4 0.123958 0.787402
149.875000 g4 0.117708 0.771654
150.000000 d4 0.123958 0.755906
150.125000 g4 0.123958 0.740157
150.250000 f4 0.123958 0.724409
150.375000 g4 0.117708 0.708661
150.500000 d4 0.123958 0.692913
150.625000 g4 0.123958 0.677165
150.750000 f4 0.123958 0.661417
150.875000 g4 0.117708 0.645669
151.000000 d4 0.473958 0.629921
151.500000 d4 0.236458 0.629921
151.750000 d4 0.236458 0.629921
152.000000 d4 0.711458 0.629921
153.000000 a4 0.236458 0.629921
153.250000 a4 0.236458 0.629921
153.500000 d5 0.236458 0.629921
153.750000 f5 0.236458 0.629921
154.000000 c5 0.236458 0.629921
154.250000 c5 0.236458 0.629921
154.500000 c5 0.236458 0.629921
154.750000 a4 0.236458 0.629921
155.000000 c5 0.236458 0.629921
155.250000 d5 0.236458 0.629921
155.500000 f5 0.236458 0.629921
155.750000 f5 0.236458 0.629921
156.000000 d5 0.948958 0.629921
157.000000 a4 0.236458 0.629921
157.250000 a4 0.236458 0.629921
157.500000 d5 0.236458 0.629921
157.750000 f5 0.236458 0.629921
158.000000 c5 0.236458 0.629921
158.250000 c5 0.236458 0.629921
158.500000 c5 0.236458 0.629921
158.750000 a4 0.236458 0.629921
159.000000 g4 0.236458 0.629921
159.250000 a4 0.236458 0.629921
159.500000 d5 0.236458 0.629921
159.750000 c5 0.236458 0.629921
160.000000 a4 0.948958 0.629921
161.000000 c5 0.236458 0.629921
161.250000 c5 0.236458 0.629921
161.500000 d5 0.236458 0.629921
161.750000 f5 0.236458 0.629921
162.000000 f4 0.236458 0.629921
162.250000 f4 0.236458 0.629921
162.500000 f4 0.236458 0.629921
162.750000 d4 0.236458 0.629921
163.000000 g4 0.236458 0.629921
163.250000 a4 0.236458 0.629921
163.500000 d5 0.236458 0.629921
163.750000 c5 0.236458 0.629921
164.000000 a4 0.236458 0.629921
164.250000 a4 0.236458 0.629921
164.500000 a4 0.236458 0.629921
164.750000 g4 0.236458 0.629921
165.000000 f4 0.236458 0.629921
165.250000 g4 0.236458 0.629921
165.500000 a4 0.236458 0.629921
165.750000 c5 0.236458 0.629921
166.000000 d5 0.236458 0.629921
166.250000 d5 0.236458 0.629921
166.500000 d4 0.236458 0.629921
166.750000 d4 0.236458 0.629921
167.000000 g4 0.236458 0.629921
167.250000 a4 0.236458 0.629921
167.500000 f4 0.236458 0.629921
167.750000 f4 0.236458 0.629921
168.000000 d4 0.948958 0.629921
169.000000 a4 0.473958 0.755906
169.500000 d5 0.373958 0.755906
169.875000 f5 0.117708 0.755906
170.000000 c5 0.748958 0.755906
170.750000 a4 0.236458 0.755906
171.000000 c5 0.248958 0.755906
171.250000 d5 0.236458 0.755906
171.500000 f5 0.057292 0.755906
171.562500 g5 0.057292 0.755906
171.625000 f5 0.057292 0.755906
171.687500 g5 0.057292 0.755906
171.750000 f5 0.057292 0.755906
171.812500 g5 0.057292 0.755906
171.875000 f5 0.057292 0.755906
171.937500 g5 0.057292 0.755906
172.000000 d5 0.948958 0.755906
173.000000 a4 0.473958 0.755906
173.500000 d5 0.373958 0.755906
173.875000 f5 0.117708 0.755906
174.000000 c5 0.473958 0.755906
174.500000 c5 0.248958 0.755906
174.750000 a4 0.236458 0.755906
175.000000 g4 0.248958 0.755906
175.250000 a4 0.236458 0.755906
175.500000 d5 0.236458 0.755906
175.750000 c5 0.236458 0.755906
176.000000 a4 0.948958 0.755906
177.000000 c5 0.473958 0.755906
177.500000 d5 0.373958 0.755906
177.875000 f5 0.117708 0.755906
178.000000 f4 0.748958 0.755906
178.750000 d4 0.236458 0.755906
179.000000 g4 0.248958 0.755906
179.250000 a4 0.236458 0.755906
179.500000 d5 0.248958 0.755906
179.750000 c5 0.236458 0.755906
180.000000 a4 0.473958 0.755906
180.500000 a4 0.248958 0.755906
180.750000 g4 0.236458 0.755906
181.000000 f4 0.373958 0.755906
181.375000 g4 0.117708 0.755906
181.500000 a4 0.373958 0.755906
181.875000 c5 0.117708 0.755906
182.000000 d5 0.473958 0.755906
182.500000 d4 0.473958 0.755906
183.000000 g4 0.248958 0.755906
183.250000 a4 0.236458 0.755906
183.500000 f4 0.057292 0.755906
183.562500 g4 0.057292 0.755906
183.625000 f4 0.057292 0.755906
183.687500 g4 0.057292 0.755906
183.750000 f4 0.057292 0.755906
183.812500 g4 0.057292 0.755906
183.875000 f4 0.057292 0.755906
183.937500 g4 0.057292 0.755906
184.000000 d4 0.948958 0.755906
185.000000 a5 0.123958 0.755906
185.250000 a5 0.061458 0.755906
185.375000 a5 0.061458 0.755906
185.500000 d6 0.123958 0.755906
185.750000 f6 0.123958 0.755906
186.000000 c6 0.123958 0.755906
186.250000 c6 0.061458 0.755906
186.375000 c6 0.061458 0.755906
186.500000 c6 0.123958 0.755906
186.750000 a5 0.123958 0.755906
187.000000 c6 0.123958 0.755906
187.250000 c6 0.061458 0.755906
187.375000 d6 0.061458 0.755906
187.500000 f6 0.123958 0.755906
187.750000 g6 0.061458 0.755906
187.875000 f6 0.061458 0.755906
188.000000 d6 0.123958 0.755906
188.250000 d6 0.061458 0.755906
188.375000 d6 0.061458 0.755906
188.500000 d6 0.123958 0.755906
188.750000 d5 0.123958 0.755906
188.750000 d6 0.123958 0.755906
189.000000 a5 0.123958 0.755906
189.250000 a5 0.061458 0.755906
189.375000 a5 0.061458 0.755906
189.500000 d6 0.123958 0.755906
189.750000 f6 0.123958 0.755906
190.000000 c6 0.123958 0.755906
190.250000 c6 0.061458 0.755906
190.375000 c6 0.061458 0.755906
190.500000 c6 0.123958 0.755906
190.750000 a5 0.123958 0.755906
191.000000 g5 0.123958 0.755906
191.250000 g5 0.061458 0.755906
191.375000 a5 0.061458 0.755906
191.500000 d6 0.123958 0.755906
191.750000 c6 0.123958 0.755906
192.000000 a5 0.123958 0.755906
192.250000 a5 0.061458 0.755906
192.375000 c6 0.061458 0.755906
192.500000 a5 0.123958 0.755906
192.750000 d5 0.123958 0.755906
193.000000 c6 0.123958 0.755906
193.250000 c6 0.061458 0.755906
193.375000 c6 0.061458 0.755906
193.500000 d6 0.123958 0.755906
193.750000 f6 0.123958 0.755906
194.000000 f5 0.123958 0.755906
194.250000 f5 0.061458 0.755906
194.375000 f5 0.061458 0.755906
194.500000 f5 0.123958 0.755906
194.750000 d5 0.123958 0.755906
195.000000 g5 0.123958 0.755906
195.250000 g5 0.061458 0.755906
195.375000 a5 0.061458 0.755906
195.500000 d6 0.123958 0.755906
195.750000 c6 0.123958 0.755906
196.000000 a5 0.123958 0.755906
196.250000 a5 0.061458 0.755906
196.375000 c6 0.061458 0.755906
196.500000 a5 0.123958 0.755906
196.750000 g5 0.123958 0.755906
197.000000 f5 0.117708 0.755906
197.125000 d5 0.117708 0.755906
197.250000 f5 0.117708 0.755906
197.375000 g5 0.117708 0.755906
197.500000 a5 0.117708 0.755906
197.625000 g5 0.117708 0.755906
197.750000 a5 0.117708 0.755906
197.875000 c6 0.117708 0.755906
198.000000 d6 0.117708 0.755906
198.125000 c6 0.117708 0.755906
198.250000 d6 0.117708 0.755906
198.375000 f6 0.117708 0.755906
198.500000 c6 0.117708 0.755906
198.625000 d6 0.117708 0.755906
198.750000 c6 0.117708 0.755906
198.875000 a5 0.117708 0.755906
199.000000 g5 0.117708 0.755906
199.125000 a5 0.117708 0.755906
199.250000 g5 0.117708 0.755906
199.375000 f5 0.117708 0.755906
199.500000 g5 0.117708 0.755906
199.625000 f5 0.117708 0.755906
199.750000 d5 0.117708 0.755906
199.875000 f5 0.117708 0.755906
200.000000 d5 0.473958 0.755906
200.500000 d6 0.473958 0.755906
201.000000 d5 0.711458 0.629921
201.750000 a4 0.123958 0.629921
201.875000 c5 0.117708 0.629921
202.000000 d5 0.711458 0.629921
202.750000 a4 0.123958 0.629921
202.875000 c5 0.117708 0.629921
203.000000 d5 0.711458 0.629921
203.750000 a4 0.123958 0.629921
203.875000 c5 0.117708 0.629921
204.000000 d5 0.711458 0.629921
204.750000 f4 0.117708 0.629921
204.875000 g4 0.117708 0.629921
205.000000 a4 0.473958 0.385827
205.500000 d5 0.473958 0.385827
206.000000 a4 0.473958 0.385827
206.500000 d5 0.473958 0.385827
207.000000 a4 0.117708 0.755906
207.125000 c5 0.117708 0.755906
207.250000 a4 0.117708 0.755906
207.375000 g4 0.117708 0.755906
207.500000 f4 0.236458 0.755906
207.750000 a4 0.236458 0.755906
208.000000 d4 0.711458 0.755906
208.750000 f4 0.123958 0.755906
208.875000 g4 0.117708 0.755906
209.000000 a4 0.473958 0.385827
209.500000 d5 0.473958 0.385827
210.000000 a4 0.473958 0.385827
210.500000 d5 0.473958 0.385827
211.000000 a4 0.117708 0.755906
211.125000 c5 0.117708 0.755906
211.250000 a4 0.117708 0.755906
211.375000 g4 0.117708 0.755906
211.500000 f4 0.236458 0.755906
211.750000 a4 0.236458 0.755906
212.000000 d4 0.711458 0.755906
213.000000 f5 0.248958 0.503937
213.250000 d5 0.236458 0.503937
213.500000 d5 0.248958 0.503937
213.750000 a5 0.236458 0.503937
214.000000 f5 0.248958 0.503937
214.250000 d5 0.236458 0.503937
214.500000 d5 0.248958 0.503937
214.750000 a4 0.236458 0.503937
215.000000 f5 0.248958 0.755906
215.250000 d5 0.236458 0.755906
215.500000 d5 0.248958 0.755906
215.750000 a5 0.236458 0.755906
216.000000 f5 0.248958 0.755906
216.250000 d5 0.236458 0.755906
216.500000 d5 0.236458 0.755906
216.750000 a4 0.236458 0.755906
217.000000 f4 0.473958 0.503937
217.500000 g4 0.473958 0.527559
218.000000 a4 0.473958 0.551181
218.500000 c5 0.473958 0.582677
219.000000 c5 0.473958 0.606299
219.500000 d5 0.473958 0.637795
220.000000 f5 0.473958 0.661417
220.500000 g5 0.473958 0.692913
221.000000 a5 0.117708 0.716535
221.125000 g5 0.117708 0.724409
221.250000 f5 0.117708 0.732283
221.375000 g5 0.117708 0.740157
221.500000 a5 0.117708 0.740157
221.625000 g5 0.117708 0.748031
221.750000 f5 0.117708 0.755906
221.875000 g5 0.117708 0.763780
222.000000 a5 0.117708 0.771654
222.125000 g5 0.117708 0.779528
222.250000 f5 0.117708 0.787402
222.375000 g5 0.117708 0.787402
222.500000 a5 0.117708 0.795276
222.625000 g5 0.117708 0.803150
222.750000 f5 0.117708 0.811024
222.875000 g5 0.117708 0.818898
223.000000 a5 0.117708 0.826772
223.125000 g5 0.117708 0.834646
223.250000 f5 0.117708 0.834646
223.375000 g5 0.117708 0.842520
223.500000 a5 0.117708 0.850394
223.625000 g5 0.117708 0.858268
223.750000 f5 0.117708 0.866142
223.875000 g5 0.117708 0.874016
224.000000 a5 0.117708 0.881890
224.125000 g5 0.117708 0.881890
224.250000 f5 0.117708 0.881890
224.375000 g5 0.117708 0.881890
224.500000 a5 0.117708 0.881890
224.625000 g5 0.117708 0.881890
224.750000 f5 0.117708 0.881890
224.875000 c6 0.117708 0.881890
225.000000 d6 0.948958 0.881890
226.000000 b4 0.117708 0.881890
226.125000 d5 0.117708 0.881890
226.250000 c5 0.117708 0.881890
226.375000 b4 0.117708 0.881890
226.500000 g4 0.117708 0.881890
226.625000 b4 0.117708 0.881890
226.750000 a4 0.117708 0.881890
226.875000 g4 0.117708 0.881890
227.000000 e4 0.117708 0.881890
227.125000 g4 0.117708 0.881890
227.250000 f4 0.117708 0.881890
227.375000 e4 0.117708 0.881890
227.500000 d4 1.423958 0.881890
229.000000 d5 0.498958 1.000000
230.000000 d5 0.498958 1.000000
231.000000 d4 0.056250 0.881890
231.061458 d4 0.056250 0.881890
231.123958 d4 0.056250 0.881890
231.185417 d4 0.056250 0.881890
231.247917 d4 0.056250 0.881890
231.309375 d4 0.056250 0.881890
231.371875 d4 0.056250 0.881890
231.433333 d4 0.056250 0.881890
231.495833 d4 0.056250 0.881890
231.557292 d4 0.056250 0.881890
231.619792 d4 0.056250 0.881890
231.681250 d4 0.056250 0.881890
231.743750 d4 0.056250 0.881890
231.805208 d4 0.056250 0.881890
231.867708 d4 0.056250 0.881890
231.929167 d4 0.056250 0.881890
232.000000 d4 0.473958 0.881890
end

# Instrument: 

part
num_notes 1035
0.000000 d5 0.748958 0.629921
0.750000 a4 0.123958 0.629921
0.875000 c5 0.123958 0.629921
1.000000 d5 0.748958 0.629921
1.750000 a4 0.123958 0.629921
1.875000 c5 0.123958 0.629921
2.000000 d5 0.748958 0.629921
2.750000 a4 0.123958 0.629921
2.875000 c5 0.123958 0.629921
3.000000 d5 0.748958 0.629921
3.750000 a4 0.123958 0.629921
3.875000 c5 0.123958 0.629921
4.000000 d5 0.123958 0.629921
4.125000 c5 0.123958 0.629921
4.250000 a4 0.123958 0.629921
4.375000 c5 0.123958 0.629921
4.500000 d5 0.123958 0.629921
4.625000 c5 0.123958 0.629921
4.750000 a4 0.123958 0.629921
4.875000 c5 0.123958 0.629921
5.000000 d5 0.123958 0.629921
5.125000 c5 0.123958 0.629921
5.250000 a4 0.123958 0.629921
5.375000 c5 0.123958 0.629921
5.500000 d5 0.123958 0.629921
5.625000 c5 0.123958 0.629921
5.750000 a4 0.123958 0.629921
5.875000 c5 0.123958 0.629921
6.000000 d5 0.248958 0.629921
6.250000 c5 0.123958 0.645669
6.375000 d5 0.123958 0.645669
6.500000 d5 0.248958 0.661417
6.750000 c5 0.123958 0.677165
6.875000 d5 0.123958 0.677165
7.000000 d5 0.248958 0.692913
7.250000 c5 0.123958 0.708661
7.375000 d5 0.123958 0.708661
7.500000 d5 0.248958 0.724409
7.750000 c5 0.123958 0.740157
7.875000 d5 0.123958 0.740157
8.000000 d4 0.248958 0.755906
8.250000 a4 0.248958 0.755906
8.500000 f4 0.248958 0.755906
8.750000 d4 0.248958 0.755906
9.000000 a4 0.248958 0.755906
9.250000 d5 0.248958 0.755906
9.500000 c5 0.248958 0.755906
9.750000 a4 0.248958 0.755906
10.000000 g4 0.123958 0.755906
10.125000 a4 0.123958 0.740157
10.250000 g4 0.123958 0.716535
10.375000 f4 0.123958 0.692913
10.500000 g4 0.123958 0.669291
10.625000 a4 0.123958 0.645669
10.750000 g4 0.123958 0.622047
10.875000 f4 0.123958 0.598425
11.000000 g4 0.123958 0.574803
11.125000 a4 0.123958 0.551181
11.250000 g4 0.123958 0.527559
11.375000 f4 0.123958 0.503937
11.500000 g4 0.123958 0.480315
11.625000 a4 0.123958 0.456693
11.750000 g4 0.123958 0.433071
11.875000 f4 0.123958 0.409449
12.000000 d4 0.248958 0.385827
12.250000 a4 0.248958 0.385827
12.500000 f4 0.248958 0.385827
12.750000 d4 0.248958 0.385827
13.000000 a4 0.248958 0.385827
13.250000 d5 0.248958 0.385827
13.500000 c5 0.248958 0.385827
13.750000 a4 0.248958 0.385827
14.000000 g4 0.123958 0.385827
14.125000 a4 0.123958 0.401575
14.250000 g4 0.123958 0.425197
14.375000 f4 0.123958 0.448819
14.500000 g4 0.123958 0.472441
14.625000 a4 0.123958 0.496063
14.750000 g4 0.123958 0.519685
14.875000 f4 0.123958 0.543307
15.000000 g4 0.123958 0.566929
15.125000 a4 0.123958 0.590551
15.250000 g4 0.123958 0.614173
15.375000 f4 0.123958 0.637795
15.500000 g4 0.123958 0.661417
15.625000 a4 0.123958 0.685039
15.750000 g4 0.123958 0.708661
15.875000 f4 0.123958 0.732283
16.000000 g4 0.748958 0.755906
16.750000 d4 0.123958 0.755906
16.875000 f4 0.123958 0.755906
17.000000 g4 0.748958 0.755906
17.750000 d4 0.123958 0.755906
17.875000 f4 0.123958 0.755906
18.000000 g4 0.748958 0.755906
18.750000 d4 0.123958 0.755906
18.875000 f4 0.123958 0.755906
19.000000 g4 0.748958 0.755906
19.750000 d4 0.123958 0.755906
19.875000 f4 0.123958 0.755906
20.000000 g4 0.123958 0.755906
20.125000 a4 0.123958 0.755906
20.250000 g4 0.123958 0.755906
20.375000 f4 0.123958 0.755906
20.500000 g4 0.123958 0.755906
20.625000 a4 0.123958 0.755906
20.750000 g4 0.123958 0.755906
20.875000 f4 0.123958 0.755906
21.000000 g4 0.123958 0.755906
21.125000 a4 0.123958 0.755906
21.250000 g4 0.123958 0.755906
21.375000 f4 0.123958 0.755906
21.500000 g4 0.123958 0.755906
21.625000 a4 0.123958 0.755906
21.750000 g4 0.123958 0.755906
21.875000 f4 0.123958 0.755906
22.000000 g4 0.248958 0.755906
22.250000 f4 0.123958 0.771654
22.375000 g4 0.123958 0.771654
22.500000 g4 0.248958 0.787402
22.750000 f4 0.123958 0.803150
22.875000 g4 0.123958 0.803150
23.000000 g4 0.248958 0.818898
23.250000 f4 0.123958 0.834646
23.375000 g4 0.123958 0.834646
23.500000 g4 0.248958 0.850394
23.750000 f4 0.123958 0.866142
23.875000 g4 0.123958 0.866142
24.000000 d4 0.498958 0.881890
24.500000 d5 0.498958 0.881890
25.000000 c5 0.498958 0.881890
25.500000 a4 0.498958 0.881890
26.000000 g4 0.498958 0.881890
26.500000 c5 0.498958 0.881890
27.000000 a4 0.498958 0.881890
27.500000 f4 0.498958 0.881890
28.000000 d4 0.498958 0.503937
28.500000 d5 0.498958 0.503937
29.000000 c5 0.498958 0.503937
29.500000 a4 0.498958 0.503937
30.000000 g4 0.498958 0.503937
30.500000 c5 0.498958 0.503937
31.000000 a4 0.498958 0.503937
31.500000 f4 0.498958 0.503937
32.000000 d4 0.748958 0.503937
32.750000 f4 0.123958 0.503937
32.875000 g4 0.123958 0.503937
33.000000 d4 0.748958 0.503937
33.750000 f4 0.123958 0.503937
33.875000 g4 0.123958 0.503937
34.000000 d4 0.748958 0.503937
34.750000 f4 0.123958 0.503937
34.875000 g4 0.123958 0.503937
35.000000 d4 0.748958 0.503937
35.750000 f4 0.123958 0.503937
35.875000 g4 0.123958 0.503937
36.000000 d4 0.123958 0.503937
36.125000 g4 0.123958 0.519685
36.250000 f4 0.123958 0.535433
36.375000 g4 0.123958 0.551181
36.500000 d4 0.123958 0.566929
36.625000 g4 0.123958 0.582677
36.750000 f4 0.123958 0.598425
36.875000 g4 0.123958 0.614173
37.000000 d4 0.123958 0.629921
37.125000 g4 0.123958 0.645669
37.250000 f4 0.123958 0.661417
37.375000 g4 0.123958 0.677165
37.500000 d4 0.123958 0.692913
37.625000 g4 0.123958 0.708661
37.750000 f4 0.123958 0.724409
37.875000 g4 0.123958 0.740157
38.000000 d4 0.498958 0.755906
38.500000 d4 0.248958 0.755906
38.750000 d4 0.248958 0.755906
39.000000 d4 0.748958 0.755906
40.000000 a4 0.498958 0.755906
40.500000 d5 0.373958 0.755906
40.875000 f5 0.123958 0.755906
41.000000 c5 0.748958 0.755906
41.750000 a4 0.248958 0.755906
42.000000 c5 0.248958 0.755906
42.250000 d5 0.248958 0.755906
42.500000 f5 0.061458 0.755906
42.562500 g5 0.061458 0.755906
42.625000 f5 0.061458 0.755906
42.687500 g5 0.061458 0.755906
42.750000 f5 0.061458 0.755906
42.812500 g5 0.061458 0.755906
42.875000 f5 0.061458 0.755906
42.937500 g5 0.061458 0.755906
43.000000 d5 0.998958 0.755906
44.000000 a4 0.498958 0.755906
44.500000 d5 0.373958 0.755906
44.875000 f5 0.123958 0.755906
45.000000 c5 0.498958 0.755906
45.500000 c5 0.248958 0.755906
45.750000 a4 0.248958 0.755906
46.000000 g4 0.248958 0.755906
46.250000 a4 0.248958 0.755906
46.500000 d5 0.248958 0.755906
46.750000 c5 0.248958 0.755906
47.000000 a4 0.998958 0.755906
48.000000 c5 0.498958 0.755906
48.500000 d5 0.373958 0.755906
48.875000 f5 0.123958 0.755906
49.000000 f4 0.748958 0.755906
49.750000 d4 0.248958 0.755906
50.000000 g4 0.248958 0.755906
50.250000 a4 0.248958 0.755906
50.500000 d5 0.248958 0.755906
50.750000 c5 0.248958 0.755906
51.000000 a4 0.498958 0.755906
51.500000 a4 0.248958 0.755906
51.750000 g4 0.248958 0.755906
52.000000 f4 0.373958 0.755906
52.375000 g4 0.123958 0.755906
52.500000 a4 0.373958 0.755906
52.875000 c5 0.123958 0.755906
53.000000 d5 0.498958 0.755906
53.500000 d4 0.498958 0.755906
54.000000 g4 0.248958 0.755906
54.250000 a4 0.248958 0.755906
54.500000 f4 0.061458 0.755906
54.562500 g4 0.061458 0.755906
54.625000 f4 0.061458 0.755906
54.687500 g4 0.061458 0.755906
54.750000 f4 0.061458 0.755906
54.812500 g4 0.061458 0.755906
54.875000 f4 0.061458 0.755906
54.937500 g4 0.061458 0.755906
55.000000 d4 0.998958 0.755906
56.000000 a4 0.123958 0.629921
56.250000 a4 0.061458 0.629921
56.375000 a4 0.061458 0.629921
56.500000 d5 0.123958 0.629921
56.750000 f5 0.123958 0.629921
57.000000 c5 0.123958 0.629921
57.250000 c5 0.061458 0.629921
57.375000 c5 0.061458 0.629921
57.500000 c5 0.123958 0.629921
57.750000 a4 0.123958 0.629921
58.000000 c5 0.123958 0.629921
58.250000 c5 0.061458 0.629921
58.375000 d5 0.061458 0.629921
58.500000 f5 0.123958 0.629921
58.750000 g5 0.061458 0.629921
58.875000 f5 0.061458 0.629921
59.000000 d5 0.123958 0.629921
59.250000 d5 0.061458 0.629921
59.375000 d5 0.061458 0.629921
59.500000 d5 0.123958 0.629921
59.750000 d4 0.123958 0.629921
59.750000 d5 0.123958 0.629921
60.000000 a4 0.123958 0.629921
60.250000 a4 0.061458 0.629921
60.375000 a4 0.061458 0.629921
60.500000 d5 0.123958 0.629921
60.750000 f5 0.123958 0.629921
61.000000 c5 0.123958 0.629921
61.250000 c5 0.061458 0.629921
61.375000 c5 0.061458 0.629921
61.500000 c5 0.123958 0.629921
61.750000 a4 0.123958 0.629921
62.000000 g4 0.123958 0.629921
62.250000 g4 0.061458 0.629921
62.375000 a4 0.061458 0.629921
62.500000 d5 0.123958 0.629921
62.750000 c5 0.123958 0.629921
63.000000 a4 0.123958 0.629921
63.250000 a4 0.061458 0.629921
63.375000 c5 0.061458 0.629921
63.500000 a4 0.123958 0.629921
63.750000 d4 0.123958 0.629921
64.000000 c5 0.123958 0.629921
64.250000 c5 0.061458 0.629921
64.375000 c5 0.061458 0.629921
64.500000 d5 0.123958 0.629921
64.750000 f5 0.123958 0.629921
65.000000 f4 0.123958 0.629921
65.250000 f4 0.061458 0.629921
65.375000 f4 0.061458 0.629921
65.500000 f4 0.123958 0.629921
65.750000 d4 0.123958 0.629921
66.000000 g4 0.123958 0.629921
66.250000 g4 0.061458 0.629921
66.375000 a4 0.061458 0.629921
66.500000 d5 0.123958 0.629921
66.750000 c5 0.123958 0.629921
67.000000 a4 0.123958 0.629921
67.250000 a4 0.061458 0.629921
67.375000 c5 0.061458 0.629921
67.500000 a4 0.123958 0.629921
67.750000 g4 0.123958 0.629921
68.000000 f4 0.123958 0.629921
68.125000 d4 0.123958 0.629921
68.250000 f4 0.123958 0.629921
68.375000 g4 0.123958 0.629921
68.500000 a4 0.123958 0.629921
68.625000 g4 0.123958 0.629921
68.750000 a4 0.123958 0.629921
68.875000 c5 0.123958 0.629921
69.000000 d5 0.123958 0.629921
69.125000 c5 0.123958 0.629921
69.250000 d5 0.123958 0.629921
69.375000 f5 0.123958 0.629921
69.500000 c5 0.123958 0.629921
69.625000 d5 0.123958 0.629921
69.750000 c5 0.123958 0.629921
69.875000 a4 0.123958 0.629921
70.000000 g4 0.123958 0.629921
70.125000 a4 0.123958 0.622047
70.250000 g4 0.123958 0.614173
70.375000 f4 0.123958 0.606299
70.500000 g4 0.123958 0.598425
70.625000 f4 0.123958 0.590551
70.750000 d4 0.123958 0.582677
70.875000 f4 0.123958 0.574803
71.000000 d4 0.498958 0.566929
71.500000 d5 0.498958 0.535433
72.250000 d4 0.123958 0.503937
72.500000 f4 0.123958 0.503937
72.750000 a4 0.123958 0.503937
73.250000 d4 0.123958 0.503937
73.500000 f4 0.123958 0.503937
73.750000 a4 0.123958 0.503937
74.250000 g4 0.123958 0.503937
74.500000 e4 0.123958 0.503937
74.750000 g4 0.123958 0.503937
75.000000 d4 0.123958 0.503937
75.250000 a4 0.123958 0.503937
75.500000 f4 0.123958 0.503937
75.750000 a4 0.123958 0.503937
76.250000 d4 0.123958 0.503937
76.500000 f4 0.123958 0.503937
76.750000 a4 0.123958 0.503937
77.250000 d4 0.123958 0.503937
77.500000 f4 0.123958 0.503937
77.750000 a4 0.123958 0.503937
78.250000 g4 0.123958 0.503937
78.500000 e4 0.123958 0.503937
78.750000 g4 0.123958 0.503937
79.000000 d4 0.123958 0.503937
79.250000 a4 0.123958 0.503937
79.500000 f4 0.123958 0.503937
79.750000 a4 0.123958 0.503937
80.250000 d4 0.123958 0.503937
80.500000 f4 0.123958 0.503937
80.750000 a4 0.123958 0.503937
81.250000 d4 0.123958 0.503937
81.500000 f4 0.123958 0.503937
81.750000 a4 0.123958 0.503937
82.250000 g4 0.123958 0.503937
82.500000 e4 0.123958 0.503937
82.750000 g4 0.123958 0.503937
83.000000 d4 0.123958 0.503937
83.250000 a4 0.123958 0.503937
83.500000 f4 0.123958 0.503937
83.750000 a4 0.123958 0.503937
84.250000 c5 0.123958 0.503937
84.500000 a4 0.123958 0.503937
84.750000 g4 0.123958 0.503937
85.000000 f4 0.123958 0.503937
85.250000 g4 0.123958 0.519685
85.500000 f4 0.123958 0.543307
85.750000 d4 0.123958 0.566929
86.000000 g4 0.123958 0.582677
86.250000 g4 0.123958 0.606299
86.500000 a4 0.123958 0.629921
86.750000 f4 0.123958 0.645669
87.000000 d4 0.123958 0.669291
87.750000 a4 0.123958 0.732283
87.875000 c5 0.123958 0.740157
88.000000 d5 0.748958 0.755906
88.750000 a4 0.123958 0.755906
88.875000 c5 0.123958 0.755906
89.000000 d5 0.748958 0.755906
89.750000 a4 0.123958 0.755906
89.875000 c5 0.123958 0.755906
90.000000 d5 0.748958 0.755906
90.750000 a4 0.123958 0.755906
90.875000 c5 0.123958 0.755906
91.000000 d5 0.748958 0.755906
91.750000 f4 0.123958 0.755906
91.875000 g4 0.123958 0.755906
92.000000 a4 0.123958 0.755906
92.125000 g4 0.123958 0.755906
92.250000 a4 0.123958 0.755906
92.375000 c5 0.123958 0.755906
92.500000 d5 0.123958 0.755906
92.625000 f5 0.123958 0.755906
92.750000 d5 0.123958 0.755906
92.875000 c5 0.123958 0.755906
93.000000 a4 0.123958 0.755906
93.125000 g4 0.123958 0.755906
93.250000 a4 0.123958 0.755906
93.375000 c5 0.123958 0.755906
93.500000 d5 0.123958 0.755906
93.625000 f5 0.123958 0.755906
93.750000 d5 0.123958 0.755906
93.875000 c5 0.123958 0.755906
94.000000 a4 0.123958 0.755906
94.125000 c5 0.123958 0.755906
94.250000 a4 0.123958 0.755906
94.375000 g4 0.123958 0.755906
94.500000 f4 0.248958 0.755906
94.750000 a4 0.248958 0.755906
95.000000 d4 0.748958 0.755906
95.750000 f4 0.123958 0.755906
95.875000 g4 0.123958 0.755906
96.000000 a4 0.123958 0.629921
96.125000 g4 0.123958 0.629921
96.250000 a4 0.123958 0.637795
96.375000 c5 0.123958 0.645669
96.500000 d5 0.123958 0.645669
96.625000 f5 0.123958 0.653543
96.750000 d5 0.123958 0.661417
96.875000 c5 0.123958 0.661417
97.000000 a4 0.123958 0.669291
97.125000 g4 0.123958 0.677165
97.250000 a4 0.123958 0.677165
97.375000 c5 0.123958 0.685039
97.500000 d5 0.123958 0.692913
97.625000 f5 0.123958 0.692913
97.750000 d5 0.123958 0.700787
97.875000 c5 0.123958 0.708661
98.000000 a4 0.123958 0.708661
98.125000 c5 0.123958 0.716535
98.250000 a4 0.123958 0.724409
98.375000 g4 0.123958 0.724409
98.500000 f4 0.248958 0.732283
98.750000 a4 0.248958 0.740157
99.000000 d4 0.748958 0.755906
99.750000 a4 0.123958 0.755906
99.875000 d5 0.123958 0.755906
100.000000 f5 0.248958 0.755906
100.250000 d5 0.248958 0.755906
100.500000 d5 0.248958 0.755906
100.750000 a5 0.248958 0.755906
101.000000 f5 0.248958 0.755906
101.250000 d5 0.248958 0.755906
101.500000 d5 0.248958 0.755906
101.750000 a4 0.248958 0.755906
102.000000 f5 0.248958 0.503937
102.250000 d5 0.248958 0.503937
102.500000 d5 0.248958 0.503937
102.750000 a5 0.248958 0.503937
103.000000 f5 0.248958 0.503937
103.250000 d5 0.248958 0.503937
103.500000 d5 0.248958 0.503937
103.750000 a4 0.248958 0.503937
104.000000 f4 0.248958 0.503937
104.250000 d4 0.123958 0.511811
104.375000 f4 0.123958 0.519685
104.500000 g4 0.248958 0.527559
104.750000 f4 0.123958 0.543307
104.875000 g4 0.123958 0.551181
105.000000 a4 0.248958 0.551181
105.250000 g4 0.123958 0.566929
105.375000 a4 0.123958 0.574803
105.500000 c5 0.248958 0.582677
105.750000 a4 0.123958 0.598425
105.875000 c5 0.123958 0.598425
106.000000 c5 0.248958 0.606299
106.250000 a4 0.123958 0.622047
106.375000 c5 0.123958 0.629921
106.500000 d5 0.248958 0.637795
106.750000 c5 0.123958 0.645669
106.875000 d5 0.123958 0.653543
107.000000 f5 0.248958 0.661417
107.250000 d5 0.123958 0.677165
107.375000 f5 0.123958 0.685039
107.500000 g5 0.248958 0.692913
107.750000 f5 0.123958 0.700787
107.875000 g5 0.123958 0.708661
108.000000 a5 0.123958 0.716535
108.125000 g5 0.123958 0.724409
108.250000 f5 0.123958 0.732283
108.375000 g5 0.123958 0.740157
108.500000 a5 0.123958 0.740157
108.625000 g5 0.123958 0.748031
108.750000 f5 0.123958 0.755906
108.875000 g5 0.123958 0.763780
109.000000 a5 0.123958 0.771654
109.125000 g5 0.123958 0.779528
109.250000 f5 0.123958 0.787402
109.375000 g5 0.123958 0.787402
109.500000 a5 0.123958 0.795276
109.625000 g5 0.123958 0.803150
109.750000 f5 0.123958 0.811024
109.875000 g5 0.123958 0.818898
110.000000 a5 0.123958 0.826772
110.125000 g5 0.123958 0.834646
110.250000 f5 0.123958 0.834646
110.375000 g5 0.123958 0.842520
110.500000 a5 0.123958 0.850394
110.625000 g5 0.123958 0.858268
110.750000 f5 0.123958 0.866142
110.875000 g5 0.123958 0.874016
111.000000 a5 0.123958 0.881890
111.125000 g5 0.123958 0.881890
111.250000 f5 0.123958 0.881890
111.375000 g5 0.123958 0.881890
111.500000 a5 0.123958 0.881890
111.625000 g5 0.123958 0.881890
111.750000 f5 0.123958 0.881890
111.875000 c6 0.123958 0.881890
112.000000 d6 0.998958 0.881890
113.000000 d5 0.748958 0.629921
113.750000 a4 0.123958 0.629921
113.875000 c5 0.123958 0.629921
114.000000 d5 0.748958 0.629921
114.750000 a4 0.123958 0.629921
114.875000 c5 0.123958 0.629921
115.000000 d5 0.748958 0.629921
115.750000 a4 0.123958 0.629921
115.875000 c5 0.123958 0.629921
116.000000 d5 0.748958 0.629921
116.750000 a4 0.123958 0.629921
116.875000 c5 0.123958 0.629921
117.000000 d5 0.123958 0.629921
117.125000 c5 0.123958 0.629921
117.250000 a4 0.123958 0.629921
117.375000 c5 0.123958 0.629921
117.500000 d5 0.123958 0.629921
117.625000 c5 0.123958 0.629921
117.750000 a4 0.123958 0.629921
117.875000 c5 0.123958 0.629921
118.000000 d5 0.123958 0.629921
118.125000 c5 0.123958 0.629921
118.250000 a4 0.123958 0.629921
118.375000 c5 0.123958 0.629921
118.500000 d5 0.123958 0.629921
118.625000 c5 0.123958 0.629921
118.750000 a4 0.123958 0.629921
118.875000 c5 0.123958 0.629921
119.000000 d5 0.248958 0.629921
119.250000 c5 0.123958 0.645669
119.375000 d5 0.123958 0.645669
119.500000 d5 0.248958 0.661417
119.750000 c5 0.123958 0.677165
119.875000 d5 0.123958 0.677165
120.000000 d5 0.248958 0.692913
120.250000 c5 0.123958 0.708661
120.375000 d5 0.123958 0.708661
120.500000 d5 0.248958 0.724409
120.750000 c5 0.123958 0.740157
120.875000 d5 0.123958 0.740157
121.000000 d4 0.248958 0.755906
121.250000 a4 0.248958 0.755906
121.500000 f4 0.248958 0.755906
121.750000 d4 0.248958 0.755906
122.000000 a4 0.248958 0.755906
122.250000 d5 0.248958 0.755906
122.500000 c5 0.248958 0.755906
122.750000 a4 0.248958 0.755906
123.000000 g4 0.123958 0.755906
123.125000 a4 0.123958 0.740157
123.250000 g4 0.123958 0.716535
123.375000 f4 0.123958 0.692913
123.500000 g4 0.123958 0.669291
123.625000 a4 0.123958 0.645669
123.750000 g4 0.123958 0.622047
123.875000 f4 0.123958 0.598425
124.000000 g4 0.123958 0.574803
124.125000 a4 0.123958 0.551181
124.250000 g4 0.123958 0.527559
124.375000 f4 0.123958 0.503937
124.500000 g4 0.123958 0.480315
124.625000 a4 0.123958 0.456693
124.750000 g4 0.123958 0.433071
124.875000 f4 0.123958 0.409449
125.000000 d4 0.248958 0.385827
125.250000 a4 0.248958 0.385827
125.500000 f4 0.248958 0.385827
125.750000 d4 0.248958 0.385827
126.000000 a4 0.248958 0.385827
126.250000 d5 0.248958 0.385827
126.500000 c5 0.248958 0.385827
126.750000 a4 0.248958 0.385827
127.000000 g4 0.123958 0.385827
127.125000 a4 0.123958 0.401575
127.250000 g4 0.123958 0.425197
127.375000 f4 0.123958 0.448819
127.500000 g4 0.123958 0.472441
127.625000 a4 0.123958 0.496063
127.750000 g4 0.123958 0.519685
127.875000 f4 0.123958 0.543307
128.000000 g4 0.123958 0.566929
128.125000 a4 0.123958 0.590551
128.250000 g4 0.123958 0.614173
128.375000 f4 0.123958 0.637795
128.500000 g4 0.123958 0.661417
128.625000 a4 0.123958 0.685039
128.750000 g4 0.123958 0.708661
128.875000 f4 0.123958 0.732283
129.000000 g4 0.748958 0.755906
129.750000 d4 0.123958 0.755906
129.875000 f4 0.123958 0.755906
130.000000 g4 0.748958 0.755906
130.750000 d4 0.123958 0.755906
130.875000 f4 0.123958 0.755906
131.000000 g4 0.748958 0.755906
131.750000 d4 0.123958 0.755906
131.875000 f4 0.123958 0.755906
132.000000 g4 0.748958 0.755906
132.750000 d4 0.123958 0.755906
132.875000 f4 0.123958 0.755906
133.000000 g4 0.123958 0.755906
133.125000 a4 0.123958 0.755906
133.250000 g4 0.123958 0.755906
133.375000 f4 0.123958 0.755906
133.500000 g4 0.123958 0.755906
133.625000 a4 0.123958 0.755906
133.750000 g4 0.123958 0.755906
133.875000 f4 0.123958 0.755906
134.000000 g4 0.123958 0.755906
134.125000 a4 0.123958 0.755906
134.250000 g4 0.123958 0.755906
134.375000 f4 0.123958 0.755906
134.500000 g4 0.123958 0.755906
134.625000 a4 0.123958 0.755906
134.750000 g4 0.123958 0.755906
134.875000 f4 0.123958 0.755906
135.000000 g4 0.248958 0.755906
135.250000 f4 0.123958 0.771654
135.375000 g4 0.123958 0.771654
135.500000 g4 0.248958 0.787402
135.750000 f4 0.123958 0.803150
135.875000 g4 0.123958 0.803150
136.000000 g4 0.248958 0.818898
136.250000 f4 0.123958 0.834646
136.375000 g4 0.123958 0.834646
136.500000 g4 0.248958 0.850394
136.750000 f4 0.123958 0.866142
136.875000 g4 0.123958 0.866142
137.000000 d4 0.498958 0.881890
137.500000 d5 0.498958 0.881890
138.000000 c5 0.498958 0.881890
138.500000 a4 0.498958 0.881890
139.000000 g4 0.498958 0.881890
139.500000 c5 0.498958 0.881890
140.000000 a4 0.498958 0.881890
140.500000 f4 0.498958 0.881890
141.000000 d4 0.498958 0.503937
141.500000 d5 0.498958 0.503937
142.000000 c5 0.498958 0.503937
142.500000 a4 0.498958 0.503937
143.000000 g4 0.498958 0.503937
143.500000 c5 0.498958 0.503937
144.000000 a4 0.498958 0.503937
144.500000 f4 0.498958 0.503937
145.000000 d4 0.748958 0.503937
145.750000 f4 0.123958 0.503937
145.875000 g4 0.123958 0.503937
146.000000 d4 0.748958 0.503937
146.750000 f4 0.123958 0.503937
146.875000 g4 0.123958 0.503937
147.000000 d4 0.748958 0.503937
147.750000 f4 0.123958 0.503937
147.875000 g4 0.123958 0.503937
148.000000 d4 0.748958 0.503937
148.750000 f4 0.123958 0.503937
148.875000 g4 0.123958 0.503937
149.000000 d4 0.123958 0.503937
149.125000 g4 0.123958 0.519685
149.250000 f4 0.123958 0.535433
149.375000 g4 0.123958 0.551181
149.500000 d4 0.123958 0.566929
149.625000 g4 0.123958 0.582677
149.750000 f4 0.123958 0.598425
149.875000 g4 0.123958 0.614173
150.000000 d4 0.123958 0.629921
150.125000 g4 0.123958 0.645669
150.250000 f4 0.123958 0.661417
150.375000 g4 0.123958 0.677165
150.500000 d4 0.123958 0.692913
150.625000 g4 0.123958 0.708661
150.750000 f4 0.123958 0.724409
150.875000 g4 0.123958 0.740157
151.000000 d4 0.498958 0.755906
151.500000 d4 0.248958 0.755906
151.750000 d4 0.248958 0.755906
152.000000 d4 0.748958 0.755906
153.000000 a4 0.498958 0.755906
153.500000 d5 0.373958 0.755906
153.875000 f5 0.123958 0.755906
154.000000 c5 0.748958 0.755906
154.750000 a4 0.248958 0.755906
155.000000 c5 0.248958 0.755906
155.250000 d5 0.248958 0.755906
155.500000 f5 0.061458 0.755906
155.562500 g5 0.061458 0.755906
155.625000 f5 0.061458 0.755906
155.687500 g5 0.061458 0.755906
155.750000 f5 0.061458 0.755906
155.812500 g5 0.061458 0.755906
155.875000 f5 0.061458 0.755906
155.937500 g5 0.061458 0.755906
156.000000 d5 0.998958 0.755906
157.000000 a4 0.498958 0.755906
157.500000 d5 0.373958 0.755906
157.875000 f5 0.123958 0.755906
158.000000 c5 0.498958 0.755906
158.500000 c5 0.248958 0.755906
158.750000 a4 0.248958 0.755906
159.000000 g4 0.248958 0.755906
159.250000 a4 0.248958 0.755906
159.500000 d5 0.248958 0.755906
159.750000 c5 0.248958 0.755906
160.000000 a4 0.998958 0.755906
161.000000 c5 0.498958 0.755906
161.500000 d5 0.373958 0.755906
161.875000 f5 0.123958 0.755906
162.000000 f4 0.748958 0.755906
162.750000 d4 0.248958 0.755906
163.000000 g4 0.248958 0.755906
163.250000 a4 0.248958 0.755906
163.500000 d5 0.248958 0.755906
163.750000 c5 0.248958 0.755906
164.000000 a4 0.498958 0.755906
164.500000 a4 0.248958 0.755906
164.750000 g4 0.248958 0.755906
165.000000 f4 0.373958 0.755906
165.375000 g4 0.123958 0.755906
165.500000 a4 0.373958 0.755906
165.875000 c5 0.123958 0.755906
166.000000 d5 0.498958 0.755906
166.500000 d4 0.498958 0.755906
167.000000 g4 0.248958 0.755906
167.250000 a4 0.248958 0.755906
167.500000 f4 0.061458 0.755906
167.562500 g4 0.061458 0.755906
167.625000 f4 0.061458 0.755906
167.687500 g4 0.061458 0.755906
167.750000 f4 0.061458 0.755906
167.812500 g4 0.061458 0.755906
167.875000 f4 0.061458 0.755906
167.937500 g4 0.061458 0.755906
168.000000 d4 0.998958 0.755906
169.000000 a4 0.123958 0.629921
169.250000 a4 0.061458 0.629921
169.375000 a4 0.061458 0.629921
169.500000 d5 0.123958 0.629921
169.750000 f5 0.123958 0.629921
170.000000 c5 0.123958 0.629921
170.250000 c5 0.061458 0.629921
170.375000 c5 0.061458 0.629921
170.500000 c5 0.123958 0.629921
170.750000 a4 0.123958 0.629921
171.000000 c5 0.123958 0.629921
171.250000 c5 0.061458 0.629921
171.375000 d5 0.061458 0.629921
171.500000 f5 0.123958 0.629921
171.750000 g5 0.061458 0.629921
171.875000 f5 0.061458 0.629921
172.000000 d5 0.123958 0.629921
172.250000 d5 0.061458 0.629921
172.375000 d5 0.061458 0.629921
172.500000 d5 0.123958 0.629921
172.750000 d4 0.123958 0.629921
172.750000 d5 0.123958 0.629921
173.000000 a4 0.123958 0.629921
173.250000 a4 0.061458 0.629921
173.375000 a4 0.061458 0.629921
173.500000 d5 0.123958 0.629921
173.750000 f5 0.123958 0.629921
174.000000 c5 0.123958 0.629921
174.250000 c5 0.061458 0.629921
174.375000 c5 0.061458 0.629921
174.500000 c5 0.123958 0.629921
174.750000 a4 0.123958 0.629921
175.000000 g4 0.123958 0.629921
175.250000 g4 0.061458 0.629921
175.375000 a4 0.061458 0.629921
175.500000 d5 0.123958 0.629921
175.750000 c5 0.123958 0.629921
176.000000 a4 0.123958 0.629921
176.250000 a4 0.061458 0.629921
176.375000 c5 0.061458 0.629921
176.500000 a4 0.123958 0.629921
176.750000 d4 0.123958 0.629921
177.000000 c5 0.123958 0.629921
177.250000 c5 0.061458 0.629921
177.375000 c5 0.061458 0.629921
177.500000 d5 0.123958 0.629921
177.750000 f5 0.123958 0.629921
178.000000 f4 0.123958 0.629921
178.250000 f4 0.061458 0.629921
178.375000 f4 0.061458 0.629921
178.500000 f4 0.123958 0.629921
178.750000 d4 0.123958 0.629921
179.000000 g4 0.123958 0.629921
179.250000 g4 0.061458 0.629921
179.375000 a4 0.061458 0.629921
179.500000 d5 0.123958 0.629921
179.750000 c5 0.123958 0.629921
180.000000 a4 0.123958 0.629921
180.250000 a4 0.061458 0.629921
180.375000 c5 0.061458 0.629921
180.500000 a4 0.123958 0.629921
180.750000 g4 0.123958 0.629921
181.000000 f4 0.123958 0.629921
181.125000 d4 0.123958 0.629921
181.250000 f4 0.123958 0.629921
181.375000 g4 0.123958 0.629921
181.500000 a4 0.123958 0.629921
181.625000 g4 0.123958 0.629921
181.750000 a4 0.123958 0.629921
181.875000 c5 0.123958 0.629921
182.000000 d5 0.123958 0.629921
182.125000 c5 0.123958 0.629921
182.250000 d5 0.123958 0.629921
182.375000 f5 0.123958 0.629921
182.500000 c5 0.123958 0.629921
182.625000 d5 0.123958 0.629921
182.750000 c5 0.123958 0.629921
182.875000 a4 0.123958 0.629921
183.000000 g4 0.123958 0.629921
183.125000 a4 0.123958 0.622047
183.250000 g4 0.123958 0.614173
183.375000 f4 0.123958 0.606299
183.500000 g4 0.123958 0.598425
183.625000 f4 0.123958 0.590551
183.750000 d4 0.123958 0.582677
183.875000 f4 0.123958 0.574803
184.000000 d4 0.498958 0.566929
184.500000 d5 0.498958 0.535433
185.250000 d4 0.123958 0.503937
185.500000 f4 0.123958 0.503937
185.750000 a4 0.123958 0.503937
186.250000 d4 0.123958 0.503937
186.500000 f4 0.123958 0.503937
186.750000 a4 0.123958 0.503937
187.250000 g4 0.123958 0.503937
187.500000 e4 0.123958 0.503937
187.750000 g4 0.123958 0.503937
188.000000 d4 0.123958 0.503937
188.250000 a4 0.123958 0.503937
188.500000 f4 0.123958 0.503937
188.750000 a4 0.123958 0.503937
189.250000 d4 0.123958 0.503937
189.500000 f4 0.123958 0.503937
189.750000 a4 0.123958 0.503937
190.250000 d4 0.123958 0.503937
190.500000 f4 0.123958 0.503937
190.750000 a4 0.123958 0.503937
191.250000 g4 0.123958 0.503937
191.500000 e4 0.123958 0.503937
191.750000 g4 0.123958 0.503937
192.000000 d4 0.123958 0.503937
192.250000 a4 0.123958 0.503937
192.500000 f4 0.123958 0.503937
192.750000 a4 0.123958 0.503937
193.250000 d4 0.123958 0.503937
193.500000 f4 0.123958 0.503937
193.750000 a4 0.123958 0.503937
194.250000 d4 0.123958 0.503937
194.500000 f4 0.123958 0.503937
194.750000 a4 0.123958 0.503937
195.250000 g4 0.123958 0.503937
195.500000 e4 0.123958 0.503937
195.750000 g4 0.123958 0.503937
196.000000 d4 0.123958 0.503937
196.250000 a4 0.123958 0.503937
196.500000 f4 0.123958 0.503937
196.750000 a4 0.123958 0.503937
197.250000 c5 0.123958 0.503937
197.500000 a4 0.123958 0.503937
197.750000 g4 0.123958 0.503937
198.000000 f4 0.123958 0.503937
198.250000 g4 0.123958 0.519685
198.500000 f4 0.123958 0.543307
198.750000 d4 0.123958 0.566929
199.000000 g4 0.123958 0.582677
199.250000 g4 0.123958 0.606299
199.500000 a4 0.123958 0.629921
199.750000 f4 0.123958 0.645669
200.000000 d4 0.123958 0.669291
200.750000 a4 0.123958 0.732283
200.875000 c5 0.123958 0.740157
201.000000 d5 0.748958 0.755906
201.750000 a4 0.123958 0.755906
201.875000 c5 0.123958 0.755906
202.000000 d5 0.748958 0.755906
202.750000 a4 0.123958 0.755906
202.875000 c5 0.123958 0.755906
203.000000 d5 0.748958 0.755906
203.750000 a4 0.123958 0.755906
203.875000 c5 0.123958 0.755906
204.000000 d5 0.748958 0.755906
204.750000 f4 0.123958 0.755906
204.875000 g4 0.123958 0.755906
205.000000 a4 0.123958 0.755906
205.125000 g4 0.123958 0.755906
205.250000 a4 0.123958 0.755906
205.375000 c5 0.123958 0.755906
205.500000 d5 0.123958 0.755906
205.625000 f5 0.123958 0.755906
205.750000 d5 0.123958 0.755906
205.875000 c5 0.123958 0.755906
206.000000 a4 0.123958 0.755906
206.125000 g4 0.123958 0.755906
206.250000 a4 0.123958 0.755906
206.375000 c5 0.123958 0.755906
206.500000 d5 0.123958 0.755906
206.625000 f5 0.123958 0.755906
206.750000 d5 0.123958 0.755906
206.875000 c5 0.123958 0.755906
207.000000 a4 0.123958 0.755906
207.125000 c5 0.123958 0.755906
207.250000 a4 0.123958 0.755906
207.375000 g4 0.123958 0.755906
207.500000 f4 0.248958 0.755906
207.750000 a4 0.248958 0.755906
208.000000 d4 0.748958 0.755906
208.750000 f4 0.123958 0.755906
208.875000 g4 0.123958 0.755906
209.000000 a4 0.123958 0.629921
209.125000 g4 0.123958 0.629921
209.250000 a4 0.123958 0.637795
209.375000 c5 0.123958 0.645669
209.500000 d5 0.123958 0.645669
209.625000 f5 0.123958 0.653543
209.750000 d5 0.123958 0.661417
209.875000 c5 0.123958 0.661417
210.000000 a4 0.123958 0.669291
210.125000 g4 0.123958 0.677165
210.250000 a4 0.123958 0.677165
210.375000 c5 0.123958 0.685039
210.500000 d5 0.123958 0.692913
210.625000 f5 0.123958 0.692913
210.750000 d5 0.123958 0.700787
210.875000 c5 0.123958 0.708661
211.000000 a4 0.123958 0.708661
211.125000 c5 0.123958 0.716535
211.250000 a4 0.123958 0.724409
211.375000 g4 0.123958 0.724409
211.500000 f4 0.248958 0.732283
211.750000 a4 0.248958 0.740157
212.000000 d4 0.748958 0.755906
212.750000 a4 0.123958 0.755906
212.875000 d5 0.123958 0.755906
213.000000 f5 0.248958 0.755906
213.250000 d5 0.248958 0.755906
213.500000 d5 0.248958 0.755906
213.750000 a5 0.248958 0.755906
214.000000 f5 0.248958 0.755906
214.250000 d5 0.248958 0.755906
214.500000 d5 0.248958 0.755906
214.750000 a4 0.248958 0.755906
215.000000 f5 0.248958 0.503937
215.250000 d5 0.248958 0.503937
215.500000 d5 0.248958 0.503937
215.750000 a5 0.248958 0.503937
216.000000 f5 0.248958 0.503937
216.250000 d5 0.248958 0.503937
216.500000 d5 0.248958 0.503937
216.750000 a4 0.248958 0.503937
217.000000 f4 0.248958 0.503937
217.250000 d4 0.123958 0.511811
217.375000 f4 0.123958 0.519685
217.500000 g4 0.248958 0.527559
217.750000 f4 0.123958 0.543307
217.875000 g4 0.123958 0.551181
218.000000 a4 0.248958 0.551181
218.250000 g4 0.123958 0.566929
218.375000 a4 0.123958 0.574803
218.500000 c5 0.248958 0.582677
218.750000 a4 0.123958 0.598425
218.875000 c5 0.123958 0.598425
219.000000 c5 0.248958 0.606299
219.250000 a4 0.123958 0.622047
219.375000 c5 0.123958 0.629921
219.500000 d5 0.248958 0.637795
219.750000 c5 0.123958 0.645669
219.875000 d5 0.123958 0.653543
220.000000 f5 0.248958 0.661417
220.250000 d5 0.123958 0.677165
220.375000 f5 0.123958 0.685039
220.500000 g5 0.248958 0.692913
220.750000 f5 0.123958 0.700787
220.875000 g5 0.123958 0.708661
221.000000 a5 0.123958 0.716535
221.125000 g5 0.123958 0.724409
221.250000 f5 0.123958 0.732283
221.375000 g5 0.123958 0.740157
221.500000 a5 0.123958 0.740157
221.625000 g5 0.123958 0.748031
221.750000 f5 0.123958 0.755906
221.875000 g5 0.123958 0.763780
222.000000 a5 0.123958 0.771654
222.125000 g5 0.123958 0.779528
222.250000 f5 0.123958 0.787402
222.375000 g5 0.123958 0.787402
222.500000 a5 0.123958 0.795276
222.625000 g5 0.123958 0.803150
222.750000 f5 0.123958 0.811024
222.875000 g5 0.123958 0.818898
223.000000 a5 0.123958 0.826772
223.125000 g5 0.123958 0.834646
223.250000 f5 0.123958 0.834646
223.375000 g5 0.123958 0.842520
223.500000 a5 0.123958 0.850394
223.625000 g5 0.123958 0.858268
223.750000 f5 0.123958 0.866142
223.875000 g5 0.123958 0.874016
224.000000 a5 0.123958 0.881890
224.125000 g5 0.123958 0.881890
224.250000 f5 0.123958 0.881890
224.375000 g5 0.123958 0.881890
224.500000 a5 0.123958 0.881890
224.625000 g5 0.123958 0.881890
224.750000 f5 0.123958 0.881890
224.875000 c6 0.123958 0.881890
225.000000 d6 0.998958 0.881890
229.000000 d5 0.498958 1.000000
230.000000 d5 0.498958 1.000000
231.000000 d4 0.060417 0.881890
231.061458 d4 0.060417 0.881890
231.123958 d4 0.060417 0.881890
231.185417 d4 0.060417 0.881890
231.247917 d4 0.060417 0.881890
231.309375 d4 0.060417 0.881890
231.371875 d4 0.060417 0.881890
231.433333 d4 0.060417 0.881890
231.495833 d4 0.060417 0.881890
231.557292 d4 0.060417 0.881890
231.619792 d4 0.060417 0.881890
231.681250 d4 0.060417 0.881890
231.743750 d4 0.060417 0.881890
231.805208 d4 0.060417 0.881890
231.867708 d4 0.060417 0.881890
231.929167 d4 0.060417 0.881890
232.000000 d4 0.498958 0.881890
end
