# Outputted with MidiToZac v0.2
# Start of Music
bpm 60

num_parts 1

# Instrument: Piano

part
num_notes 893
0.00 g5 0.45 0.60
0.08 a#5 0.37 0.60
0.16 c6 0.29 0.60
0.24 f6 0.21 0.60
0.45 c6 0.15 0.60
0.60 c6 1.80 0.60
0.00 c#4 2.40 0.60
0.08 f4 2.32 0.60
0.16 g#4 2.24 0.60
0.24 c5 2.16 0.60
2.40 f5 0.45 0.60
2.48 g#5 0.37 0.60
2.56 a#5 0.29 0.60
2.64 d#6 0.21 0.60
2.85 a#5 0.15 0.60
3.00 a#5 1.80 0.60
2.40 c4 2.40 0.60
2.48 d#4 2.32 0.60
2.56 g4 2.24 0.60
2.64 a#4 2.16 0.60
4.80 d#5 1.14 0.60
4.88 g#5 1.06 0.60
4.96 c#6 0.98 0.60
5.94 d#5 0.06 0.60
6.00 d#6 1.20 0.60
4.80 c4 2.40 0.60
4.88 f4 2.32 0.60
4.96 a#4 2.24 0.60
7.20 g3 2.40 0.60
7.28 d4 2.32 0.60
7.36 g4 2.24 0.60
7.20 d5 2.70 0.60
7.28 f5 2.62 0.60
7.36 g5 2.54 0.60
7.44 c6 2.46 0.60
10.20 c5 0.15 0.60
10.35 d5 0.15 0.60
10.50 d#5 0.45 0.60
10.95 d5 0.15 0.60
11.10 d#5 0.30 0.60
11.40 g5 0.30 0.60
10.50 c4 1.20 0.60
10.50 d#4 1.20 0.60
10.50 g4 1.20 0.60
11.70 d5 0.90 0.60
11.70 g4 1.20 0.60
12.60 g4 0.30 0.60
11.70 a#3 1.20 0.60
11.70 d4 1.20 0.60
12.90 c5 0.45 0.60
13.35 a#4 0.15 0.60
13.50 c5 0.30 0.60
13.80 d#5 0.30 0.60
12.90 g#3 1.20 0.60
12.90 c4 1.20 0.60
12.90 d#4 1.20 0.60
14.10 d#4 0.90 0.60
14.10 d#4 0.90 0.60
14.10 a#4 0.90 0.60
15.00 g4 0.30 0.60
14.10 g3 1.20 0.60
14.10 a#3 1.20 0.60
15.30 g#4 0.45 0.60
15.75 g4 0.15 0.60
15.90 g#4 0.30 0.60
16.20 d#5 0.30 0.60
15.30 f3 1.20 0.60
15.30 c4 1.20 0.60
16.50 g4 0.90 0.60
17.40 d#5 0.30 0.60
16.50 d#3 1.20 0.60
16.50 c4 1.20 0.60
17.70 f#4 0.45 0.60
17.70 d5 0.45 0.60
18.15 a4 0.15 0.60
18.30 a4 0.30 0.60
18.60 d5 0.30 0.60
17.70 d3 1.20 0.60
17.70 c4 1.20 0.60
18.90 g4 0.90 0.60
18.90 d5 0.90 0.60
19.80 c5 0.15 0.60
19.95 d5 0.15 0.60
18.90 g3 1.20 0.60
18.90 b3 1.20 0.60
20.10 d#5 0.45 0.60
20.55 d5 0.15 0.60
20.70 d#5 0.30 0.60
21.00 g5 0.30 0.60
20.10 c4 1.20 0.60
20.10 d#4 1.20 0.60
20.10 g4 1.20 0.60
21.30 d5 0.90 0.60
21.30 g4 1.20 0.60
22.20 g4 0.30 0.60
21.30 a#3 1.20 0.60
21.30 d4 1.20 0.60
22.50 c5 0.45 0.60
22.95 a#4 0.15 0.60
23.10 c5 0.30 0.60
23.40 d#5 0.30 0.60
22.50 g#3 1.20 0.60
22.50 c4 1.20 0.60
22.50 d#4 1.20 0.60
23.70 d#4 0.90 0.60
23.70 d#4 0.90 0.60
23.70 a#4 0.90 0.60
24.60 g4 0.30 0.60
23.70 g3 1.20 0.60
23.70 a#3 1.20 0.60
24.90 g#4 0.30 0.60
25.20 d#5 0.15 0.60
25.35 d5 0.45 0.60
25.80 d#5 0.30 0.60
24.90 f3 1.20 0.60
24.90 c4 1.20 0.60
24.90 d#4 1.20 0.60
26.10 f5 0.30 0.60
26.10 c3 0.30 0.60
26.40 g5 0.15 0.60
26.40 g3 0.30 0.60
26.55 d#5 0.75 0.60
26.70 c4 0.60 0.60
27.30 g#4 0.15 0.60
27.30 d#5 0.15 0.60
27.45 d5 0.15 0.60
27.60 c5 0.30 0.60
27.30 f3 0.60 0.60
27.90 f4 0.30 0.60
27.90 d5 0.30 0.60
28.20 b4 0.30 0.60
27.90 g3 0.60 0.60
28.50 c3 0.30 0.60
28.50 d#4 0.60 0.60
28.50 g4 0.60 0.60
28.50 c5 0.60 0.60
28.80 g3 0.30 0.60
29.40 d#5 0.15 0.60
29.55 f5 0.15 0.60
29.10 c4 0.60 0.60
29.70 d#3 0.30 0.60
29.70 g5 0.45 0.60
30.15 f5 0.15 0.60
30.00 a#3 0.30 0.60
30.30 g5 0.30 0.60
30.30 g4 0.30 0.60
30.60 a#5 0.30 0.60
30.60 a#3 0.30 0.60
30.90 d3 0.30 0.60
31.20 a#3 0.30 0.60
31.50 f4 0.30 0.60
30.90 f5 1.05 0.60
31.95 a#4 0.15 0.60
31.80 a#3 0.30 0.60
32.10 c3 0.30 0.60
32.10 d#5 0.45 0.60
32.55 d5 0.15 0.60
32.40 g3 0.30 0.60
32.70 d#5 0.30 0.60
32.70 d#4 0.30 0.60
33.00 g5 0.30 0.60
33.00 g3 0.30 0.60
33.30 a#2 0.30 0.60
33.60 g3 0.30 0.60
33.90 d4 0.30 0.60
33.30 g5 1.20 0.60
34.20 g3 0.30 0.60
34.50 c5 0.15 0.60
34.65 d5 0.15 0.60
34.50 g#2 0.30 0.60
34.80 d#5 0.30 0.60
34.80 g#3 0.30 0.60
34.80 c4 0.30 0.60
35.10 d5 0.15 0.60
35.25 d#5 0.15 0.60
35.10 g#2 0.30 0.60
35.40 f5 0.30 0.60
35.40 a#3 0.30 0.60
35.40 d4 0.30 0.60
35.70 g2 0.30 0.60
35.70 d#5 0.45 0.60
36.15 a#4 0.15 0.60
36.00 d#3 0.30 0.60
36.30 a#3 0.30 0.60
36.30 a#4 0.60 0.60
36.60 d#3 0.30 0.60
36.90 g#4 0.30 0.60
36.98 c5 0.23 0.60
37.05 d#5 0.15 0.60
37.12 g#5 0.08 0.60
36.90 f2 0.30 0.60
37.20 g5 0.30 0.60
37.20 c3 0.30 0.60
37.50 f5 0.30 0.60
37.50 g#3 0.30 0.60
37.80 d#5 0.30 0.60
37.80 c3 0.30 0.60
38.10 g2 0.30 0.60
38.40 d3 0.15 0.60
38.10 c5 0.60 0.60
38.18 d5 0.52 0.60
38.26 g5 0.44 0.60
38.55 g3 0.15 0.60
38.70 c4 0.15 0.60
38.85 d4 0.15 0.60
39.00 g4 0.15 0.60
39.15 d4 0.15 0.60
39.30 g2 0.30 0.60
39.60 d3 0.30 0.60
39.30 b3 0.90 0.60
39.90 g3 0.30 0.60
40.20 g4 0.30 0.60
40.20 g5 0.30 0.60
40.20 d3 0.30 0.60
40.50 c3 0.15 0.60
40.65 g3 0.15 0.60
40.80 d#4 0.15 0.60
40.50 c5 0.60 0.60
40.58 d#5 0.52 0.60
40.66 g5 0.44 0.60
40.74 c6 0.36 0.60
40.95 g3 0.15 0.60
41.10 d4 0.15 0.60
41.25 g3 0.15 0.60
41.40 c4 0.15 0.60
41.10 a#4 0.60 0.60
41.10 d5 0.60 0.60
41.10 f5 0.60 0.60
41.10 a#5 0.60 0.60
41.55 g3 0.15 0.60
41.70 g4 0.30 0.60
41.70 c5 0.30 0.60
41.70 d#5 0.30 0.60
41.70 g5 0.30 0.60
41.70 g#2 0.30 0.60
42.00 f4 0.15 0.60
42.00 f5 0.15 0.60
42.00 d#3 0.15 0.60
42.15 c4 0.30 0.60
42.45 d#3 0.15 0.60
42.60 c4 0.15 0.60
42.15 d#4 0.75 0.60
42.15 d#5 0.75 0.60
42.75 d#3 0.15 0.60
42.90 a#2 0.15 0.60
42.90 f4 0.30 0.60
42.90 a#4 0.30 0.60
42.90 d5 0.30 0.60
42.90 f5 0.30 0.60
43.05 f3 0.15 0.60
43.20 d#4 0.15 0.60
43.20 d#5 0.15 0.60
43.20 a#3 0.15 0.60
43.35 d4 0.30 0.60
43.35 f4 0.45 0.60
43.35 f5 0.45 0.60
43.65 a#3 0.15 0.60
43.80 a#4 0.30 0.60
43.80 a#5 0.30 0.60
43.80 f3 0.30 0.60
44.10 d#2 0.15 0.60
44.25 a#2 0.15 0.60
44.40 g3 0.15 0.60
44.55 a#2 0.30 0.60
44.10 g4 0.90 0.60
44.18 a#4 0.82 0.60
44.26 d5 0.74 0.60
44.34 g5 0.66 0.60
44.85 g3 0.15 0.60
45.00 g4 0.30 0.60
45.00 b4 0.30 0.60
45.00 d5 0.30 0.60
45.00 g5 0.30 0.60
45.00 d2 0.30 0.60
45.30 c2 0.15 0.60
45.45 g2 0.15 0.60
45.60 c3 0.15 0.60
45.30 c5 0.60 0.60
45.38 d#5 0.52 0.60
45.46 g5 0.44 0.60
45.54 c6 0.36 0.60
45.75 d#3 0.15 0.60
45.90 g3 0.15 0.60
46.05 d#3 0.15 0.60
46.20 c3 0.15 0.60
45.90 a#4 0.60 0.60
45.90 d5 0.60 0.60
45.90 f5 0.60 0.60
45.90 a#5 0.60 0.60
46.35 g2 0.15 0.60
46.50 g4 0.30 0.60
46.50 c5 0.30 0.60
46.50 d#5 0.30 0.60
46.50 g5 0.30 0.60
46.50 g#2 0.30 0.60
46.80 f4 0.15 0.60
46.80 f5 0.15 0.60
46.80 d#3 0.15 0.60
46.95 c4 0.30 0.60
47.25 d#3 0.15 0.60
47.40 c4 0.15 0.60
46.95 d#4 0.75 0.60
46.95 d#5 0.75 0.60
47.55 d#3 0.15 0.60
47.70 a#2 0.15 0.60
47.70 f4 0.30 0.60
47.70 a#4 0.30 0.60
47.70 d5 0.30 0.60
47.70 f5 0.30 0.60
47.85 f3 0.15 0.60
48.00 d#4 0.15 0.60
48.00 d#5 0.15 0.60
48.00 a#3 0.15 0.60
48.15 d4 0.30 0.60
48.15 f4 0.45 0.60
48.15 f5 0.45 0.60
48.45 a#3 0.15 0.60
48.60 d5 0.30 0.60
48.60 f3 0.30 0.60
48.90 c3 0.30 0.60
48.90 c5 0.60 0.60
49.20 g3 0.30 0.60
49.80 c5 0.15 0.60
49.95 d5 0.15 0.60
49.50 c4 0.60 0.60
50.10 c3 0.30 0.60
50.10 d#5 0.45 0.60
50.55 d5 0.15 0.60
50.40 g3 0.30 0.60
50.70 d#5 0.30 0.60
50.70 d#4 0.30 0.60
51.00 g5 0.30 0.60
51.00 g3 0.30 0.60
51.30 a#2 0.30 0.60
51.60 g3 0.30 0.60
51.90 d4 0.30 0.60
51.30 d5 1.05 0.60
52.35 g4 0.15 0.60
52.20 g3 0.30 0.60
52.50 g#2 0.30 0.60
52.50 c5 0.45 0.60
52.95 a#4 0.15 0.60
52.80 d#3 0.30 0.60
53.10 c5 0.30 0.60
53.10 c4 0.30 0.60
53.40 d#5 0.30 0.60
53.40 d#3 0.30 0.60
53.70 g2 0.30 0.60
54.00 d#3 0.30 0.60
54.30 a#3 0.30 0.60
53.70 f4 1.05 0.60
53.70 g4 1.05 0.60
53.70 a#4 1.05 0.60
54.75 g4 0.15 0.60
54.60 d#3 0.30 0.60
54.90 f2 0.30 0.60
54.90 g#4 0.45 0.60
55.35 g4 0.15 0.60
55.20 c3 0.30 0.60
55.50 g#4 0.30 0.60
55.50 g#3 0.30 0.60
55.80 d#5 0.30 0.60
55.80 c3 0.30 0.60
56.10 d#2 0.30 0.60
56.40 d#3 0.30 0.60
56.10 g4 0.90 0.60
56.70 g3 0.30 0.60
57.00 d#5 0.30 0.60
57.00 c4 0.30 0.60
57.30 d2 0.15 0.60
57.45 a2 0.15 0.60
57.30 f#4 0.45 0.60
57.30 a4 0.45 0.60
57.30 d5 0.45 0.60
57.60 d3 0.15 0.60
57.75 a4 0.15 0.60
57.75 f#3 0.15 0.60
57.90 a3 0.15 0.60
57.90 a4 0.30 0.60
58.05 f#3 0.15 0.60
58.20 d4 0.15 0.60
58.20 d5 0.30 0.60
58.35 a3 0.15 0.60
58.50 g2 0.15 0.60
58.65 d3 0.15 0.60
58.80 g3 0.15 0.60
58.95 b3 0.15 0.60
58.50 g4 0.90 0.60
58.50 b4 0.90 0.60
58.50 d5 0.90 0.60
59.40 c5 0.15 0.60
59.55 d5 0.15 0.60
59.10 d4 0.60 0.60
59.70 c3 0.15 0.60
59.85 g3 0.15 0.60
59.70 d#5 0.45 0.60
60.00 d#4 0.15 0.60
60.15 d5 0.15 0.60
60.15 g3 0.15 0.60
60.30 d4 0.15 0.60
60.30 d#5 0.30 0.60
60.45 g3 0.15 0.60
60.60 c4 0.15 0.60
60.60 g5 0.30 0.60
60.75 g3 0.15 0.60
60.90 a#2 0.15 0.60
61.05 g3 0.15 0.60
61.20 d4 0.15 0.60
61.35 g3 0.15 0.60
61.50 c4 0.15 0.60
61.65 g3 0.15 0.60
60.90 d5 1.05 0.60
61.80 a#3 0.15 0.60
61.95 g4 0.15 0.60
61.95 g3 0.15 0.60
62.10 g#2 0.15 0.60
62.25 d#3 0.15 0.60
62.10 c5 0.45 0.60
62.40 c4 0.15 0.60
62.55 a#4 0.15 0.60
62.55 d#3 0.15 0.60
62.70 a#3 0.15 0.60
62.70 c5 0.30 0.60
62.85 d#3 0.15 0.60
63.00 g#3 0.15 0.60
63.00 d#5 0.30 0.60
63.15 d#3 0.15 0.60
63.30 g2 0.15 0.60
63.45 d#3 0.15 0.60
63.60 a#3 0.15 0.60
63.75 d#3 0.15 0.60
63.90 g3 0.15 0.60
63.30 f4 0.90 0.60
63.30 g4 0.90 0.60
63.30 a#4 0.90 0.60
64.05 d#3 0.15 0.60
64.20 a#3 0.15 0.60
64.20 g4 0.30 0.60
64.35 d#3 0.15 0.60
64.50 f2 0.15 0.60
64.50 g#4 0.30 0.60
64.65 c3 0.15 0.60
64.80 d#5 0.15 0.60
64.80 g#3 0.15 0.60
64.95 c3 0.15 0.60
65.10 g3 0.15 0.60
64.95 d5 0.45 0.60
65.25 c3 0.15 0.60
65.40 d#5 0.30 0.60
65.40 f3 0.30 0.60
65.70 c2 0.15 0.60
65.70 f5 0.30 0.60
65.85 g2 0.15 0.60
66.00 g5 0.15 0.60
66.00 c3 0.15 0.60
66.15 d#3 0.15 0.60
66.15 d#5 0.75 0.60
66.30 d#4 0.60 0.60
66.90 g#4 0.15 0.60
66.90 d#5 0.15 0.60
67.05 d5 0.15 0.60
67.20 c5 0.30 0.60
66.90 f3 0.60 0.60
67.50 f4 0.30 0.60
67.50 d5 0.30 0.60
67.80 b4 0.30 0.60
67.50 g3 0.60 0.60
68.10 c3 0.30 0.60
68.10 d#4 0.60 0.60
68.10 g4 0.60 0.60
68.10 c5 0.60 0.60
68.40 g3 0.30 0.60
69.00 d#5 0.15 0.60
69.15 f5 0.15 0.60
68.70 c4 0.60 0.60
69.30 d#3 0.30 0.60
69.30 g5 0.45 0.60
69.75 f5 0.15 0.60
69.60 a#3 0.30 0.60
69.90 g5 0.30 0.60
69.90 g4 0.30 0.60
70.20 g#5 0.15 0.60
70.35 a#5 0.15 0.60
70.20 a#3 0.30 0.60
70.50 d3 0.30 0.60
70.80 a#3 0.30 0.60
70.50 f5 0.90 0.60
71.10 f4 0.30 0.60
71.40 a#4 0.15 0.60
71.55 a#4 0.15 0.60
71.40 a#3 0.30 0.60
71.70 c3 0.30 0.60
71.70 d#5 0.45 0.60
72.15 d5 0.15 0.60
72.00 g3 0.30 0.60
72.30 d#5 0.30 0.60
72.30 d#4 0.30 0.60
72.60 f5 0.15 0.60
72.75 g5 0.15 0.60
72.60 g3 0.30 0.60
72.90 a#2 0.30 0.60
73.20 g3 0.30 0.60
72.90 g5 0.75 0.60
73.65 f5 0.15 0.60
73.50 d4 0.30 0.60
73.80 d#5 0.15 0.60
73.95 d5 0.15 0.60
73.80 g3 0.30 0.60
74.10 c5 0.15 0.60
74.25 d5 0.15 0.60
74.10 g#2 0.30 0.60
74.40 d#5 0.30 0.60
74.40 g#3 0.30 0.60
74.40 c4 0.30 0.60
74.70 d5 0.15 0.60
74.85 d#5 0.15 0.60
74.70 g#2 0.30 0.60
75.00 f5 0.30 0.60
75.00 a#3 0.30 0.60
75.00 d4 0.30 0.60
75.30 g2 0.30 0.60
75.30 d#5 0.45 0.60
75.75 a#4 0.15 0.60
75.60 d#3 0.30 0.60
75.90 a#3 0.30 0.60
75.90 a#4 0.60 0.60
76.20 d#3 0.30 0.60
76.50 g#4 0.30 0.60
76.58 c5 0.22 0.60
76.65 d#5 0.15 0.60
76.73 g#5 0.07 0.60
76.50 f2 0.30 0.60
76.80 g5 0.30 0.60
76.80 c3 0.30 0.60
77.10 f5 0.30 0.60
77.10 g#3 0.30 0.60
77.40 d#5 0.30 0.60
77.40 c3 0.30 0.60
77.70 g2 0.30 0.60
78.00 d3 0.15 0.60
77.70 c5 0.60 0.60
77.78 d5 0.52 0.60
77.86 g5 0.44 0.60
78.15 g3 0.15 0.60
78.30 c4 0.15 0.60
78.45 d4 0.15 0.61
78.60 g4 0.15 0.62
78.75 d4 0.15 0.64
78.90 g2 0.30 0.66
79.20 d3 0.15 0.66
79.35 g3 0.15 0.66
79.50 c4 0.15 0.66
79.65 d4 0.15 0.66
79.80 g4 0.15 0.66
79.95 d4 0.08 0.66
80.03 c4 0.08 0.66
80.10 g2 0.30 0.66
80.40 d3 0.30 0.66
80.10 b3 0.90 0.66
80.70 g3 0.30 0.66
81.00 g4 0.30 0.66
81.00 g5 0.30 0.66
81.00 d3 0.30 0.66
81.30 c3 0.15 0.66
81.45 g3 0.15 0.66
81.60 d#4 0.15 0.66
81.30 c5 0.60 0.66
81.38 d#5 0.52 0.66
81.46 g5 0.44 0.66
81.54 c6 0.36 0.66
81.75 g3 0.15 0.66
81.90 d4 0.15 0.66
82.05 g3 0.15 0.66
82.20 c4 0.15 0.66
81.90 a#4 0.60 0.66
81.98 d5 0.52 0.66
82.06 f5 0.44 0.66
82.14 a#5 0.36 0.66
82.35 g3 0.15 0.66
82.50 g4 0.30 0.66
82.50 c5 0.30 0.66
82.50 d#5 0.30 0.66
82.50 g5 0.30 0.66
82.50 g#2 0.30 0.66
82.80 f4 0.15 0.66
82.80 f5 0.15 0.66
82.80 d#3 0.15 0.66
82.95 c4 0.30 0.66
83.25 d#3 0.15 0.66
83.40 c4 0.15 0.66
82.95 d#4 0.75 0.66
82.95 d#5 0.75 0.66
83.55 d#3 0.15 0.66
83.70 a#2 0.15 0.66
83.70 f4 0.30 0.66
83.70 a#4 0.30 0.66
83.70 d5 0.30 0.66
83.70 f5 0.30 0.66
83.85 f3 0.15 0.66
84.00 d#4 0.15 0.66
84.00 d#5 0.15 0.66
84.00 a#3 0.15 0.66
84.15 d4 0.30 0.66
84.15 f4 0.45 0.66
84.15 f5 0.45 0.66
84.45 a#3 0.15 0.66
84.60 a#4 0.30 0.66
84.60 a#5 0.30 0.66
84.60 f3 0.30 0.66
84.90 d#2 0.15 0.66
85.05 a#2 0.15 0.66
85.20 g3 0.15 0.66
85.35 a#2 0.30 0.66
84.90 g4 0.90 0.66
84.98 a#4 0.82 0.66
85.06 d5 0.74 0.66
85.14 g5 0.66 0.66
85.65 g3 0.15 0.66
85.80 g4 0.30 0.66
85.80 b4 0.30 0.66
85.80 d5 0.30 0.66
85.80 g5 0.30 0.66
85.80 d2 0.30 0.66
86.10 c2 0.15 0.66
86.25 g2 0.15 0.66
86.40 c3 0.15 0.66
86.10 c5 0.60 0.66
86.18 d#5 0.52 0.66
86.26 g5 0.44 0.66
86.34 c6 0.36 0.66
86.55 d#3 0.15 0.66
86.70 g3 0.15 0.66
86.85 d#3 0.15 0.66
87.00 c3 0.15 0.66
86.70 a#4 0.60 0.66
86.70 d5 0.60 0.66
86.70 f5 0.60 0.66
86.70 a#5 0.60 0.66
87.15 g2 0.15 0.66
87.30 g4 0.30 0.66
87.30 c5 0.30 0.66
87.30 d#5 0.30 0.66
87.30 g5 0.30 0.66
87.30 g#2 0.30 0.66
87.60 f4 0.15 0.66
87.60 f5 0.15 0.66
87.60 d#3 0.15 0.66
87.75 c4 0.30 0.66
88.05 d#3 0.15 0.66
88.20 c4 0.15 0.66
87.75 d#4 0.75 0.66
87.75 d#5 0.75 0.66
88.35 d#3 0.15 0.66
88.50 a#2 0.15 0.66
88.50 f4 0.30 0.66
88.50 a#4 0.30 0.66
88.50 d5 0.30 0.66
88.50 f5 0.30 0.66
88.65 f3 0.15 0.66
88.80 d#4 0.15 0.66
88.80 d#5 0.15 0.66
88.80 a#3 0.15 0.66
88.95 d4 0.30 0.66
88.95 f4 0.45 0.66
88.95 f5 0.45 0.66
89.25 a#3 0.15 0.66
89.40 d5 0.30 0.66
89.40 f3 0.30 0.66
89.70 c3 0.30 0.66
89.70 c5 0.60 0.66
90.00 g3 0.30 0.66
90.60 c5 0.15 0.66
90.75 d5 0.15 0.66
90.30 c4 0.60 0.66
90.90 c3 0.30 0.66
90.90 d#5 0.45 0.66
91.35 d5 0.15 0.66
91.20 g3 0.30 0.66
91.50 d#5 0.30 0.66
91.50 d#4 0.30 0.66
91.80 g5 0.30 0.66
91.80 g3 0.30 0.66
92.10 a#2 0.30 0.66
92.40 g3 0.30 0.66
92.70 d4 0.30 0.66
92.10 d5 1.05 0.66
93.15 g4 0.15 0.66
93.00 g3 0.30 0.66
93.30 g#2 0.30 0.66
93.30 c5 0.45 0.66
93.75 a#4 0.15 0.66
93.60 d#3 0.30 0.66
93.90 c5 0.30 0.66
93.90 c4 0.30 0.66
94.20 d#5 0.30 0.66
94.20 d#3 0.30 0.66
94.50 g2 0.30 0.66
94.80 d#3 0.30 0.66
95.10 a#3 0.30 0.66
94.50 f4 1.05 0.66
94.50 g4 1.05 0.66
94.50 a#4 1.05 0.66
95.55 g4 0.15 0.66
95.40 d#3 0.30 0.66
95.70 f2 0.30 0.66
95.70 g#4 0.45 0.66
96.15 g4 0.15 0.66
96.00 c3 0.30 0.66
96.30 g#4 0.30 0.66
96.30 g#3 0.30 0.66
96.60 d#5 0.30 0.66
96.60 c3 0.30 0.66
96.90 d#2 0.30 0.66
97.20 d#3 0.30 0.66
96.90 g4 0.90 0.66
97.50 g3 0.30 0.66
97.80 d#5 0.30 0.66
97.80 c4 0.30 0.66
98.10 d2 0.15 0.66
98.25 a2 0.15 0.66
98.10 f#4 0.45 0.66
98.10 a4 0.45 0.66
98.10 d5 0.45 0.66
98.40 d3 0.15 0.66
98.55 a4 0.15 0.66
98.55 f#3 0.15 0.66
98.70 a3 0.15 0.66
98.70 a4 0.30 0.66
98.85 f#3 0.15 0.66
99.00 d4 0.15 0.66
99.00 d5 0.30 0.66
99.15 a3 0.15 0.66
99.30 g2 0.15 0.66
99.45 d3 0.15 0.66
99.60 g3 0.15 0.66
99.30 g4 0.60 0.66
99.30 b4 0.60 0.66
99.30 d5 0.60 0.66
99.75 b3 0.15 0.66
100.05 g4 0.15 0.66
100.05 g5 0.15 0.66
100.20 c5 0.15 0.66
100.20 c6 0.15 0.66
100.35 d5 0.15 0.66
100.35 d6 0.15 0.66
99.90 d4 0.60 0.66
100.50 c3 0.15 0.66
100.65 g3 0.15 0.66
100.50 d#5 0.45 0.66
100.50 d#6 0.45 0.66
100.80 d#4 0.15 0.66
100.95 d5 0.15 0.66
100.95 d6 0.15 0.66
100.95 g3 0.15 0.66
101.10 d4 0.15 0.66
101.10 d#5 0.30 0.66
101.10 d#6 0.30 0.66
101.25 g3 0.15 0.66
101.40 f5 0.15 0.66
101.40 f6 0.15 0.66
101.40 c4 0.15 0.66
101.55 g5 0.15 0.66
101.55 g6 0.15 0.66
101.55 g3 0.15 0.66
101.70 a#2 0.15 0.66
101.85 g3 0.15 0.66
102.00 d4 0.15 0.66
101.70 d5 0.60 0.66
101.78 g5 0.52 0.66
101.86 a#5 0.44 0.66
101.94 d6 0.36 0.66
102.15 g3 0.15 0.66
102.30 c4 0.15 0.66
102.45 g4 0.15 0.66
102.45 g5 0.15 0.66
102.45 g3 0.15 0.66
102.60 g#4 0.15 0.66
102.60 g#5 0.15 0.66
102.60 a#3 0.15 0.66
102.75 a#4 0.15 0.66
102.75 a#5 0.15 0.66
102.75 g3 0.15 0.66
102.90 g#2 0.15 0.66
103.05 d#3 0.15 0.66
102.90 c5 0.45 0.66
102.90 c6 0.45 0.66
103.20 c4 0.15 0.66
103.35 a#4 0.15 0.66
103.35 a#5 0.15 0.66
103.35 d#3 0.15 0.66
103.50 a#3 0.15 0.66
103.50 c5 0.30 0.66
103.50 c6 0.30 0.66
103.65 d#3 0.15 0.66
103.80 d5 0.15 0.66
103.80 d6 0.15 0.66
103.80 g#3 0.15 0.66
103.95 d#5 0.15 0.66
103.95 d#6 0.15 0.66
103.95 d#3 0.15 0.66
104.10 g2 0.15 0.66
104.25 d#3 0.15 0.66
104.40 a#3 0.15 0.66
104.55 d#3 0.15 0.66
104.70 g3 0.15 0.66
104.10 a#4 0.90 0.66
104.18 d5 0.82 0.66
104.26 f5 0.74 0.66
104.34 a#5 0.66 0.66
104.85 d#3 0.15 0.66
105.00 a#3 0.15 0.66
105.00 g4 0.30 0.66
105.00 g5 0.30 0.66
105.15 d#3 0.15 0.66
105.30 f2 0.15 0.66
105.30 g#4 0.30 0.66
105.30 g#5 0.30 0.66
105.45 c3 0.15 0.66
105.60 d#5 0.15 0.66
105.60 d#6 0.15 0.66
105.60 g#3 0.15 0.66
105.75 c3 0.15 0.66
105.90 g3 0.15 0.66
105.75 d5 0.45 0.66
105.75 d6 0.45 0.66
106.05 c3 0.15 0.66
106.20 d#5 0.30 0.66
106.20 d#6 0.30 0.66
106.20 f3 0.30 0.66
106.50 c2 0.15 0.66
106.50 f5 0.30 0.66
106.50 f6 0.30 0.66
106.65 g2 0.15 0.66
106.80 g5 0.15 0.66
106.80 g6 0.15 0.66
106.80 c3 0.15 0.66
106.95 d#3 0.15 0.66
106.95 d#5 0.75 0.66
106.95 d#6 0.75 0.66
107.10 d#4 0.60 0.66
107.70 d#5 0.15 0.66
107.70 d#6 0.15 0.66
107.85 d5 0.15 0.66
107.85 d6 0.15 0.66
108.00 c5 0.30 0.66
108.00 c6 0.30 0.66
107.70 f3 0.60 0.66
108.30 d5 0.30 0.66
108.30 d6 0.30 0.66
108.60 b4 0.30 0.66
108.60 b5 0.30 0.66
108.30 g3 0.60 0.66
108.90 c3 0.30 0.66
108.90 c5 0.60 0.66
108.98 d#5 0.52 0.66
109.06 g5 0.44 0.66
109.14 c6 0.36 0.66
109.20 g3 0.30 0.66
109.50 c4 0.45 0.66
109.80 c4 0.15 0.66
109.95 d4 0.15 0.66
110.10 d#4 0.45 0.66
110.55 d4 0.15 0.66
110.70 d#4 0.30 0.66
111.00 g4 0.30 0.66
110.10 c3 1.20 0.66
110.10 g3 1.20 0.66
111.30 d4 0.75 0.66
111.30 g3 0.90 0.66
112.05 g3 0.15 0.66
112.20 g#3 0.15 0.66
112.35 a#3 0.15 0.66
111.30 a#2 1.20 0.66
113.10 c5 0.15 0.66
113.25 g5 0.15 0.66
113.40 f5 0.15 0.66
113.55 g5 0.15 0.66
113.70 c6 0.15 0.66
113.85 g5 0.15 0.66
114.00 f5 0.15 0.66
114.15 g5 0.15 0.66
114.30 c5 0.15 0.66
114.45 g5 0.15 0.66
114.60 f5 0.15 0.66
114.75 g5 0.15 0.66
114.90 c6 0.15 0.66
115.05 g5 0.15 0.66
115.20 f5 0.15 0.66
115.35 g5 0.15 0.66
112.50 c4 4.80 0.66
115.50 c5 1.80 0.66
112.50 g#2 4.80 0.66
112.50 d#3 4.80 0.66
end
