# Outputted with MidiToZac v0.2
# Start of Music
bpm 60

num_parts 4

# Instrument: CH #1

part
num_notes 298
45.975613 a5 0.083333 1.000000
46.058946 c6 0.083333 1.000000
46.142280 a#5 1.285713 1.000000
47.427993 a5 1.071427 1.000000
48.499420 a5 0.083333 1.000000
48.582753 c6 0.083333 1.000000
48.666087 a#5 0.769230 1.000000
49.435317 a5 0.384615 1.000000
49.819932 g5 0.384615 1.000000
50.204547 f#5 0.384615 1.000000
50.589162 d#5 0.384615 1.000000
50.973777 d5 2.307690 1.000000
56.281464 d4 0.333333 1.000000
56.614797 g4 0.333333 1.000000
56.948130 a#4 0.333333 1.000000
57.281463 d5 0.666666 1.000000
57.948129 d5 0.333333 1.000000
58.281462 c5 0.333333 1.000000
58.614795 a#4 0.333333 1.000000
58.948128 a4 0.333333 1.000000
59.281461 a#4 0.999999 1.000000
60.281460 g4 0.333333 1.000000
60.614793 a#4 0.333333 1.000000
60.948126 d5 0.333333 1.000000
61.281459 g5 0.666666 1.000000
61.948125 g5 0.333333 1.000000
62.281458 g5 0.333333 1.000000
62.614791 f5 0.333333 1.000000
62.948124 d#5 0.333333 1.000000
63.281457 f5 0.999999 1.000000
64.281456 a4 0.333333 1.000000
64.614789 d5 0.333333 1.000000
64.948122 f5 0.333333 1.000000
65.281455 a5 0.666666 1.000000
65.948121 g5 0.333333 1.000000
66.281454 f5 0.333333 1.000000
66.614787 e5 0.333333 1.000000
66.948120 f5 0.333333 1.000000
67.281453 g5 0.666666 1.000000
67.948119 f5 0.333333 1.000000
68.281452 e5 0.666666 1.000000
68.948118 d5 0.333333 1.000000
69.281451 c5 0.333333 1.000000
69.614784 a#4 0.333333 1.000000
69.948117 c5 0.333333 1.000000
70.281450 d5 0.333333 1.000000
70.614783 c5 0.333333 1.000000
70.948116 g4 0.333333 1.000000
71.281449 a4 0.999999 1.000000
72.281448 d4 0.333333 1.000000
72.614781 g4 0.333333 1.000000
72.948114 a#4 0.333333 1.000000
73.281447 d5 0.666666 1.000000
73.948113 d5 0.333333 1.000000
74.281446 c5 0.333333 1.000000
74.614779 a#4 0.333333 1.000000
74.948112 a4 0.333333 1.000000
75.281445 a#4 0.999999 1.000000
76.281444 g4 0.333333 1.000000
76.614777 a#4 0.333333 1.000000
76.948110 d5 0.333333 1.000000
77.281443 g5 0.666666 1.000000
77.948109 g5 0.333333 1.000000
78.281442 g5 0.333333 1.000000
78.614775 f5 0.333333 1.000000
78.948108 d#5 0.333333 1.000000
79.281441 f5 0.999999 1.000000
80.281440 a4 0.333333 1.000000
80.614773 d5 0.333333 1.000000
80.948106 f5 0.333333 1.000000
81.281439 a5 0.666666 1.000000
81.948105 g5 0.666666 1.000000
82.614771 f5 0.166667 1.000000
82.781437 e5 0.166667 1.000000
82.948104 d#5 0.166666 1.000000
83.114770 e5 0.166667 1.000000
83.281437 g5 0.666666 1.000000
83.948103 f5 0.666666 1.000000
84.614769 e5 0.166666 1.000000
84.781435 d5 0.166667 1.000000
84.948102 c#5 0.166667 1.000000
85.114768 d5 0.166666 1.000000
85.281435 d5 0.500000 1.000000
85.781434 c5 0.166667 1.000000
85.948101 a#4 0.333333 1.000000
86.281434 a4 0.500000 1.000000
86.781433 b4 0.166667 1.000000
86.948100 c#5 0.333333 1.000000
87.281433 d5 1.999998 1.000000
99.614754 a4 0.166667 1.000000
99.781420 c#5 0.166666 1.000000
99.948087 d5 0.166667 1.000000
100.114753 e5 0.166667 1.000000
100.281420 f5 0.166666 1.000000
100.448086 e5 0.166667 1.000000
100.614753 f5 0.166667 1.000000
100.781419 g5 0.166666 1.000000
100.948086 a5 0.166667 1.000000
101.114752 f5 0.166667 1.000000
101.614752 g5 0.166667 1.000000
101.781418 f#5 0.166666 1.000000
101.948085 g5 0.166667 1.000000
102.114751 a5 0.166667 1.000000
102.281418 g5 0.166666 1.000000
102.448084 f5 0.166666 1.000000
102.614751 e5 0.166667 1.000000
102.781417 d5 0.166666 1.000000
102.948084 c#5 0.166666 1.000000
103.114750 a4 0.166667 1.000000
103.614750 a5 0.166667 1.000000
103.781416 g#5 0.166667 1.000000
103.948083 a5 0.166666 1.000000
104.114749 a#5 0.166667 1.000000
104.281416 a5 0.166667 1.000000
104.448082 g5 0.166666 1.000000
104.614749 f5 0.166667 1.000000
104.781415 e5 0.166667 1.000000
104.948082 f5 0.166666 1.000000
105.114748 d5 0.166667 1.000000
105.281415 e5 0.166667 1.000000
105.448081 f5 0.166666 1.000000
105.614748 g5 0.166667 1.000000
105.781414 f5 0.166667 1.000000
105.948081 e5 0.166666 1.000000
106.114747 d5 0.166666 1.000000
106.281414 c#5 0.166667 1.000000
106.448080 a4 0.166666 1.000000
106.614747 b4 0.166666 1.000000
106.781413 d5 0.166667 1.000000
106.948080 e5 0.166666 1.000000
107.114746 g5 0.166666 1.000000
107.281413 f#5 0.666666 1.000000
107.948079 f#5 0.333333 1.000000
108.281412 f#5 0.333333 1.000000
108.614745 g5 0.333333 1.000000
108.948078 a5 0.333333 1.000000
109.281411 a#5 1.999998 1.000000
111.281409 e5 0.666666 1.000000
111.948075 e5 0.333333 1.000000
112.281408 e5 0.333333 1.000000
112.614741 f5 0.333333 1.000000
112.948074 g5 0.333333 1.000000
113.281407 a5 1.999998 1.000000
121.614732 c6 0.111111 1.000000
121.725843 d6 0.111111 1.000000
121.836954 c6 0.111111 1.000000
121.948065 a#5 0.333333 1.000000
122.614731 a#5 0.111111 1.000000
122.725842 c6 0.111111 1.000000
122.836953 a#5 0.111111 1.000000
122.948064 a5 0.333333 1.000000
123.614730 g5 0.111111 1.000000
123.725841 a5 0.111111 1.000000
123.836952 g5 0.111111 1.000000
123.948063 f#5 0.333333 1.000000
124.281396 d5 0.333333 1.000000
124.614729 g5 0.333333 1.000000
124.948062 a#5 0.333333 1.000000
125.281395 d6 0.666666 1.000000
125.948061 d6 0.333333 1.000000
126.281394 c6 0.333333 1.000000
126.614727 a#5 0.333333 1.000000
126.948060 a5 0.333333 1.000000
127.281393 a#5 0.999999 1.000000
128.281392 g5 0.333333 1.000000
128.614725 a#5 0.333333 1.000000
128.948058 d6 0.333333 1.000000
129.281391 g6 0.666666 1.000000
129.948057 g6 0.333333 1.000000
130.281390 g6 0.333333 1.000000
130.614723 f6 0.333333 1.000000
130.948056 d#6 0.333333 1.000000
131.281389 f6 0.999999 1.000000
132.281388 a5 0.333333 1.000000
132.614721 d6 0.333333 1.000000
132.948054 f6 0.333333 1.000000
133.281387 a6 0.666666 1.000000
133.948053 g6 0.333333 1.000000
134.281386 f6 0.333333 1.000000
134.614719 e6 0.333333 1.000000
134.948052 f6 0.333333 1.000000
135.281385 g6 0.666666 1.000000
135.948051 f6 0.333333 1.000000
136.281384 e6 0.666666 1.000000
136.948050 d6 0.333333 1.000000
137.281383 c6 0.333333 1.000000
137.614716 a#5 0.333333 1.000000
137.948049 c6 0.333333 1.000000
138.281382 d6 0.333333 1.000000
138.614715 c6 0.333333 1.000000
138.948048 g5 0.333333 1.000000
139.281381 a5 0.999999 1.000000
140.281380 d4 0.333333 1.000000
140.614713 g4 0.333333 1.000000
140.948046 a#4 0.333333 1.000000
141.281379 d5 0.666666 1.000000
141.948045 d5 0.333333 1.000000
142.281378 c5 0.333333 1.000000
142.614711 a#4 0.333333 1.000000
142.948044 a4 0.333333 1.000000
143.281377 a#4 0.999999 1.000000
144.281376 g4 0.333333 1.000000
144.614709 a#4 0.333333 1.000000
144.948042 d5 0.333333 1.000000
145.281375 g5 0.666666 1.000000
145.948041 g5 0.333333 1.000000
146.281374 g5 0.333333 1.000000
146.614707 f5 0.333333 1.000000
146.948040 d#5 0.333333 1.000000
147.281373 f5 0.999999 1.000000
148.281372 a4 0.333333 1.000000
148.614705 d5 0.333333 1.000000
148.948038 f5 0.333333 1.000000
149.281371 a5 0.666666 1.000000
149.948037 g5 0.666666 1.000000
150.614703 f5 0.166667 1.000000
150.781369 e5 0.166666 1.000000
150.948036 d#5 0.166666 1.000000
151.114702 e5 0.166667 1.000000
151.281369 g5 0.666666 1.000000
151.948035 f5 0.666666 1.000000
152.614701 e5 0.166667 1.000000
152.781367 d5 0.166666 1.000000
152.948034 c#5 0.166667 1.000000
153.114700 d5 0.166667 1.000000
153.281367 d5 0.333333 1.000000
153.614700 c5 0.333333 1.000000
153.948033 a#4 0.333333 1.000000
154.281366 a4 0.500000 1.000000
154.781365 b4 0.166666 1.000000
154.948032 c#5 0.333333 1.000000
155.281365 d5 3.333330 1.000000
158.614695 e5 0.166666 1.000000
158.781361 d5 0.166666 1.000000
158.948028 c#5 0.166667 1.000000
159.114694 d5 0.166666 1.000000
159.281361 d#4 0.983606 1.000000
160.264967 g#4 0.983606 1.000000
161.248573 b4 1.983605 1.000000
163.232178 e4 0.333333 1.000000
163.565511 a4 0.333333 1.000000
163.898844 c5 0.333333 1.000000
164.232177 e5 0.666666 1.000000
164.898843 e5 0.333333 1.000000
165.232176 d5 0.333333 1.000000
165.565509 c5 0.333333 1.000000
165.898842 b4 0.333333 1.000000
166.232175 c5 0.999999 1.000000
167.232174 a4 0.333333 1.000000
167.565507 c5 0.333333 1.000000
167.898840 e5 0.333333 1.000000
168.232173 a5 0.666666 1.000000
168.898839 a5 0.333333 1.000000
169.232172 a5 0.333333 1.000000
169.565505 b5 0.333333 1.000000
169.898838 g5 0.166666 1.000000
170.065504 f5 0.166666 1.000000
170.232171 g5 0.999999 1.000000
171.232170 b4 0.333333 1.000000
171.565503 e5 0.333333 1.000000
171.898836 g5 0.333333 1.000000
172.232169 b5 0.666666 1.000000
172.898835 a5 0.666666 1.000000
173.565501 g5 0.166666 1.000000
173.732167 f#5 0.166666 1.000000
173.898834 f5 0.166667 1.000000
174.065500 f#5 0.166666 1.000000
174.232167 a5 0.666666 1.000000
174.898833 g5 0.666666 1.000000
175.565499 f#5 0.166667 1.000000
175.732165 e5 0.166666 1.000000
175.898832 d#5 0.166666 1.000000
176.065498 e5 0.166667 1.000000
176.232165 e5 0.333333 1.000000
176.565498 d5 0.333333 1.000000
176.898831 c5 0.333333 1.000000
177.232164 b4 0.500000 1.000000
177.732163 c#5 0.166666 1.000000
177.898830 d#5 0.333333 1.000000
178.232163 e5 3.499996 1.000000
181.732159 f#5 0.166667 1.000000
181.898826 e5 0.166666 1.000000
182.065492 d#5 0.166666 1.000000
182.232159 e5 0.900000 1.000000
183.132159 d5 0.300000 1.000000
183.432159 c5 0.600000 1.000000
184.032159 b4 0.900000 1.000000
184.932159 c#5 0.300000 1.000000
185.232159 d#5 2.178143 1.000000
187.410302 e5 1.988946 1.000000
189.399248 e6 1.325964 1.000000
190.725212 b6 0.994473 1.000000
191.719684 b6 0.331491 1.000000
192.051175 b6 0.110497 1.000000
192.161673 b6 0.110497 1.000000
192.272169 b6 0.110497 1.000000
192.382666 b6 0.165746 1.000000
196.203073 b5 4.500000 1.000000
end

# Instrument: CH #2

part
num_notes 818
1.980769 a#4 0.288461 1.000000
1.980769 d5 0.288461 1.000000
2.269230 c5 0.288461 1.000000
2.269230 d#5 0.288461 1.000000
2.557692 a#4 0.288461 1.000000
2.557692 d5 0.288461 1.000000
2.846153 c5 0.288461 1.000000
2.846153 d#5 0.288461 1.000000
3.134615 a#4 0.288462 1.000000
3.134615 d5 0.288462 1.000000
3.423077 c5 0.288461 1.000000
3.423077 d#5 0.288461 1.000000
3.711538 a4 0.288461 1.000000
3.711538 c5 0.288461 1.000000
3.999999 a#4 0.288461 1.000000
3.999999 d5 0.288461 1.000000
4.288461 a4 0.288462 1.000000
4.288461 c5 0.288462 1.000000
4.576923 a#4 0.288461 1.000000
4.576923 d5 0.288461 1.000000
4.865384 a4 0.288462 1.000000
4.865384 c5 0.288462 1.000000
5.153846 a#4 0.288461 1.000000
5.153846 d5 0.288461 1.000000
5.442307 g4 0.288462 1.000000
5.442307 a#4 0.288462 1.000000
5.730768 a4 0.288461 1.000000
5.730768 c5 0.288461 1.000000
6.019230 g4 0.288462 1.000000
6.019230 a#4 0.288462 1.000000
6.307691 a4 0.288462 1.000000
6.307691 c5 0.288462 1.000000
6.596153 g4 0.288461 1.000000
6.596153 a#4 0.288461 1.000000
6.884614 a4 0.340909 1.000000
6.884614 c5 0.340909 1.000000
7.225523 f#4 0.181967 1.000000
7.225523 a4 0.181967 1.000000
7.407491 e4 0.215233 1.000000
7.407491 g4 0.215233 1.000000
7.622724 d#4 1.142856 1.000000
7.622724 f#4 1.142856 1.000000
10.324020 d4 1.558440 1.000000
8.765580 d2 3.116880 1.000000
9.155190 a2 3.116880 1.000000
9.544800 d3 3.116880 1.000000
9.934410 f#3 3.076107 1.000000
12.661680 d4 0.697674 1.000000
10.324020 a3 3.035334 1.000000
13.359354 g4 0.697674 1.000000
14.057028 a#4 0.697674 1.000000
14.754702 d5 1.395348 1.000000
16.150050 d5 0.697674 1.000000
16.847724 c5 0.697674 1.000000
17.545398 a#4 0.697674 1.000000
18.243072 a4 0.697674 1.000000
18.940746 a#4 2.093022 1.000000
22.080279 g4 0.348837 1.000000
22.429116 a#4 0.348837 1.000000
22.777953 d5 0.348837 1.000000
23.126790 g5 1.395348 1.000000
24.522138 g5 0.697674 1.000000
25.219812 g5 0.697674 1.000000
25.917486 a5 0.697674 1.000000
26.615160 f5 0.348837 1.000000
26.963997 d#5 0.348837 1.000000
27.312834 f5 2.093022 1.000000
30.452367 a4 0.348837 1.000000
30.801204 d5 0.348837 1.000000
31.150041 f5 0.348837 1.000000
31.498878 a5 1.395348 1.000000
31.498878 d5 1.395348 1.000000
31.498878 a#4 1.395348 1.000000
32.894226 g5 0.697674 1.000000
33.591900 g4 0.697674 1.000000
33.591900 c#5 0.697674 1.000000
33.591900 f5 0.697674 1.000000
34.289574 g4 0.697674 1.000000
34.289574 c#5 0.697674 1.000000
34.289574 e5 0.697674 1.000000
34.987248 g4 0.697674 1.000000
34.987248 c#5 0.697674 1.000000
34.987248 f5 0.697674 1.000000
35.597713 a4 1.395348 1.000000
35.684922 d5 1.395348 1.000000
35.772131 g5 1.395348 1.000000
37.080270 f5 0.697674 1.000000
37.777944 a4 1.395348 1.000000
37.777944 e5 1.395348 1.000000
39.173292 d5 0.697674 1.000000
39.870966 f4 0.697674 1.000000
39.958175 c5 0.697674 1.000000
39.783757 d4 1.395348 1.000000
40.568640 a#4 0.697674 1.000000
41.266314 c5 0.697674 1.000000
41.876779 e4 0.697674 1.000000
41.963988 g4 0.697674 1.000000
42.051197 d5 0.697674 1.000000
42.661662 c5 0.697674 1.000000
43.359336 g4 0.697674 1.000000
44.754684 d#4 1.387596 1.000000
44.754684 g4 1.387596 1.000000
44.057010 a4 2.942412 1.000000
46.142280 f#4 3.293037 1.000000
46.142280 d4 3.293037 1.000000
53.614800 d4 0.333333 1.000000
53.614800 a#3 0.333333 1.000000
53.614800 g3 0.333333 1.000000
53.948133 g3 0.333333 1.000000
53.948133 a#3 0.333333 1.000000
53.948133 d4 0.333333 1.000000
54.614799 d4 0.333333 1.000000
54.614799 a#3 0.333333 1.000000
54.614799 g3 0.333333 1.000000
54.948132 g3 0.333333 1.000000
54.948132 a#3 0.333333 1.000000
54.948132 d4 0.333333 1.000000
55.614798 d4 0.333333 1.000000
55.614798 a#3 0.333333 1.000000
55.614798 g3 0.333333 1.000000
55.948131 g3 0.333333 1.000000
55.948131 a#3 0.333333 1.000000
55.948131 d4 0.333333 1.000000
56.614797 d4 0.333333 1.000000
56.614797 a#3 0.333333 1.000000
56.614797 g3 0.333333 1.000000
56.948130 g3 0.333333 1.000000
56.948130 a#3 0.333333 1.000000
56.948130 d4 0.333333 1.000000
57.614796 g3 0.333333 1.000000
57.614796 a#3 0.333333 1.000000
57.614796 d#4 0.333333 1.000000
57.948129 g3 0.333333 1.000000
57.948129 d#4 0.333333 1.000000
57.948129 a#3 0.333333 1.000000
58.614795 d4 0.333333 1.000000
58.614795 c4 0.333333 1.000000
58.614795 f#3 0.333333 1.000000
58.948128 d4 0.333333 1.000000
58.948128 c4 0.333333 1.000000
58.948128 f#3 0.333333 1.000000
59.614794 a#3 0.333333 1.000000
59.614794 d4 0.333333 1.000000
59.614794 g3 0.333333 1.000000
59.948127 g3 0.333333 1.000000
59.948127 a#3 0.333333 1.000000
59.948127 d4 0.333333 1.000000
60.614793 g3 0.333333 1.000000
60.614793 a#3 0.333333 1.000000
60.614793 d4 0.333333 1.000000
60.948126 d4 0.333333 1.000000
60.948126 a#3 0.333333 1.000000
60.948126 g3 0.333333 1.000000
61.614792 d#4 0.333333 1.000000
61.614792 a#3 0.333333 1.000000
61.614792 g3 0.333333 1.000000
61.948125 g3 0.333333 1.000000
61.948125 a#3 0.333333 1.000000
61.948125 d#4 0.333333 1.000000
62.614791 c4 0.333333 1.000000
62.614791 d#4 0.333333 1.000000
62.614791 a3 0.333333 1.000000
62.948124 c4 0.333333 1.000000
62.948124 d#4 0.333333 1.000000
62.948124 a3 0.333333 1.000000
63.614790 f3 0.333333 1.000000
63.614790 d4 0.333333 1.000000
63.614790 a3 0.333333 1.000000
63.948123 f3 0.333333 1.000000
63.948123 a3 0.333333 1.000000
63.948123 d4 0.333333 1.000000
64.614789 f3 0.333333 1.000000
64.614789 d4 0.333333 1.000000
64.614789 a3 0.333333 1.000000
64.948122 f3 0.333333 1.000000
64.948122 a3 0.333333 1.000000
64.948122 d4 0.333333 1.000000
65.614788 d4 0.333333 1.000000
65.614788 a#3 0.333333 1.000000
65.614788 g3 0.333333 1.000000
65.948121 g3 0.333333 1.000000
65.948121 a#3 0.333333 1.000000
65.948121 d4 0.333333 1.000000
66.614787 c#4 0.333333 1.000000
66.614787 e3 0.333333 1.000000
66.614787 g3 0.333333 1.000000
66.948120 c#4 0.333333 1.000000
66.948120 e3 0.333333 1.000000
66.948120 g3 0.333333 1.000000
67.614786 f3 0.333333 1.000000
67.614786 d4 0.333333 1.000000
67.614786 a3 0.333333 1.000000
67.948119 f3 0.333333 1.000000
67.948119 a3 0.333333 1.000000
67.948119 d4 0.333333 1.000000
68.614785 f3 0.333333 1.000000
68.614785 a3 0.333333 1.000000
68.614785 d4 0.333333 1.000000
68.948118 f3 0.333333 1.000000
68.948118 a3 0.333333 1.000000
68.948118 d4 0.333333 1.000000
69.614784 f3 0.333333 1.000000
69.614784 a#3 0.333333 1.000000
69.614784 d4 0.333333 1.000000
69.948117 d4 0.333333 1.000000
69.948117 a#3 0.333333 1.000000
69.948117 f3 0.333333 1.000000
70.614783 d4 0.333333 1.000000
70.614783 e3 0.333333 1.000000
70.614783 g3 0.333333 1.000000
70.948116 d4 0.333333 1.000000
70.948116 e3 0.333333 1.000000
70.948116 g3 0.333333 1.000000
71.614782 c4 0.333333 1.000000
71.614782 a3 0.333333 1.000000
71.614782 d#4 0.333333 1.000000
71.614782 g4 0.333333 1.000000
71.948115 c4 0.333333 1.000000
71.948115 a3 0.333333 1.000000
71.948115 d#4 0.333333 1.000000
71.948115 g4 0.333333 1.000000
72.614781 a3 0.333333 1.000000
72.614781 c4 0.333333 1.000000
72.614781 d#4 0.333333 1.000000
72.614781 g4 0.333333 1.000000
72.948114 a3 0.333333 1.000000
72.948114 c4 0.333333 1.000000
72.948114 d#4 0.333333 1.000000
72.948114 g4 0.333333 1.000000
73.614780 g3 0.333333 1.000000
73.614780 a#3 0.333333 1.000000
73.614780 d#4 0.333333 1.000000
73.948113 g3 0.333333 1.000000
73.948113 d#4 0.333333 1.000000
73.948113 a#3 0.333333 1.000000
74.614779 d4 0.333333 1.000000
74.614779 c4 0.333333 1.000000
74.614779 f#3 0.333333 1.000000
74.948112 d4 0.333333 1.000000
74.948112 c4 0.333333 1.000000
74.948112 f#3 0.333333 1.000000
75.614778 a#3 0.333333 1.000000
75.614778 d4 0.333333 1.000000
75.614778 g3 0.333333 1.000000
75.948111 g3 0.333333 1.000000
75.948111 a#3 0.333333 1.000000
75.948111 d4 0.333333 1.000000
76.281444 a#3 0.500000 1.000000
76.281444 g3 0.500000 1.000000
76.281444 d4 0.500000 1.000000
76.781443 g3 0.500000 1.000000
76.781443 a#3 0.500000 1.000000
76.781443 d4 0.500000 1.000000
77.614776 d#4 0.333333 1.000000
77.614776 a#3 0.333333 1.000000
77.614776 g3 0.333333 1.000000
77.948109 g3 0.333333 1.000000
77.948109 a#3 0.333333 1.000000
77.948109 d#4 0.333333 1.000000
78.614775 c4 0.333333 1.000000
78.614775 d#4 0.333333 1.000000
78.614775 a3 0.333333 1.000000
78.948108 c4 0.333333 1.000000
78.948108 d#4 0.333333 1.000000
78.948108 a3 0.333333 1.000000
79.614774 f3 0.333333 1.000000
79.614774 d4 0.333333 1.000000
79.614774 a3 0.333333 1.000000
79.948107 f3 0.333333 1.000000
79.948107 a3 0.333333 1.000000
79.948107 d4 0.333333 1.000000
80.614773 f3 0.333333 1.000000
80.614773 d4 0.333333 1.000000
80.614773 a3 0.333333 1.000000
80.948106 f3 0.333333 1.000000
80.948106 a3 0.333333 1.000000
80.948106 d4 0.333333 1.000000
81.614772 d4 0.333333 1.000000
81.614772 a#3 0.333333 1.000000
81.614772 g3 0.333333 1.000000
81.948105 g3 0.333333 1.000000
81.948105 a#3 0.333333 1.000000
81.948105 d4 0.333333 1.000000
82.614771 c#4 0.333333 1.000000
82.614771 e3 0.333333 1.000000
82.614771 g3 0.333333 1.000000
82.948104 c#4 0.333333 1.000000
82.948104 e3 0.333333 1.000000
82.948104 g3 0.333333 1.000000
83.614770 f3 0.333333 1.000000
83.614770 d4 0.333333 1.000000
83.614770 a3 0.333333 1.000000
83.948103 f3 0.333333 1.000000
83.948103 a3 0.333333 1.000000
83.948103 d4 0.333333 1.000000
84.614769 f3 0.333333 1.000000
84.614769 a3 0.333333 1.000000
84.614769 d4 0.333333 1.000000
84.948102 f3 0.333333 1.000000
84.948102 a3 0.333333 1.000000
84.948102 d4 0.333333 1.000000
85.614768 f3 0.333333 1.000000
85.614768 a#3 0.333333 1.000000
85.614768 d4 0.333333 1.000000
85.948101 f3 0.333333 1.000000
85.948101 a#3 0.333333 1.000000
85.948101 d4 0.333333 1.000000
86.614767 e3 0.333333 1.000000
86.614767 g3 0.333333 1.000000
86.614767 c#4 0.333333 1.000000
86.948100 e3 0.333333 1.000000
86.948100 g3 0.333333 1.000000
86.948100 c#4 0.333333 1.000000
87.614766 d4 0.333333 1.000000
87.614766 a3 0.333333 1.000000
87.614766 f#3 0.333333 1.000000
87.948099 a3 0.333333 1.000000
87.948099 d4 0.333333 1.000000
87.948099 f#3 0.333333 1.000000
88.614765 d4 0.333333 1.000000
88.614765 a3 0.333333 1.000000
88.614765 f#3 0.333333 1.000000
88.948098 a3 0.333333 1.000000
88.948098 d4 0.333333 1.000000
88.948098 f#3 0.333333 1.000000
89.614764 d4 0.333333 1.000000
89.614764 a3 0.333333 1.000000
89.614764 f#3 0.333333 1.000000
89.948097 a3 0.333333 1.000000
89.948097 d4 0.333333 1.000000
89.948097 f#3 0.333333 1.000000
90.614763 d4 0.333333 1.000000
90.614763 a3 0.333333 1.000000
90.614763 f#3 0.333333 1.000000
90.948096 a3 0.333333 1.000000
90.948096 d4 0.333333 1.000000
90.948096 f#3 0.333333 1.000000
91.281429 d#5 0.666666 1.000000
91.948095 d5 0.333333 1.000000
92.281428 c5 0.333333 1.000000
92.614761 a#4 0.333333 1.000000
92.948094 a4 0.333333 1.000000
93.281427 a#4 0.333333 1.000000
93.614760 c5 0.333333 1.000000
93.948093 d5 0.333333 1.000000
94.281426 f4 0.666666 1.000000
94.948092 f4 0.333333 1.000000
95.281425 d#5 0.666666 1.000000
95.948091 d5 0.333333 1.000000
96.281424 c5 0.500000 1.000000
96.781423 a#4 0.166667 1.000000
96.948090 c5 0.333333 1.000000
97.281423 d5 1.333332 1.000000
98.948088 d6 0.333333 1.000000
99.281421 d6 0.111111 1.000000
99.392532 e6 0.111111 1.000000
99.281421 f5 0.333333 1.000000
99.503643 d6 0.111111 1.000000
99.614754 c#6 0.333333 1.000000
99.948087 d6 0.333333 1.000000
100.281420 a5 0.333333 1.000000
100.281420 f6 0.333333 1.000000
100.614753 g5 0.333333 1.000000
100.614753 e6 0.333333 1.000000
100.948086 f5 0.333333 1.000000
100.948086 d6 0.333333 1.000000
101.281419 e5 0.666666 1.000000
101.281419 c#6 0.666666 1.000000
101.948085 e6 0.333333 1.000000
102.281418 c#5 0.666666 1.000000
102.281418 a5 0.666666 1.000000
102.948084 a5 0.333333 1.000000
103.281417 a5 0.666666 1.000000
103.281417 f6 0.666666 1.000000
103.948083 a5 0.333333 1.000000
103.948083 f6 0.333333 1.000000
104.281416 a5 0.333333 1.000000
104.281416 f6 0.333333 1.000000
104.614749 g5 0.333333 1.000000
104.614749 e6 0.333333 1.000000
104.948082 f5 0.333333 1.000000
104.948082 d6 0.333333 1.000000
105.281415 a5 1.333332 1.000000
105.281415 c#6 1.333332 1.000000
105.281415 e6 1.333332 1.000000
109.614744 f6 0.111111 1.000000
109.725855 e6 0.111111 1.000000
109.836966 d#6 0.111111 1.000000
109.948077 d6 0.111111 1.000000
110.059188 c#6 0.111111 1.000000
110.170299 c6 0.111111 1.000000
110.281410 b5 0.111111 1.000000
110.614743 b5 0.111111 1.000000
110.725854 a#5 0.111111 1.000000
110.836965 a5 0.111111 1.000000
110.948076 g#5 0.111111 1.000000
111.059187 g5 0.111111 1.000000
111.170298 f5 0.111111 1.000000
111.281409 e5 0.111111 1.000000
113.614740 g6 0.111111 1.000000
113.725851 f#6 0.111111 1.000000
113.836962 f6 0.111111 1.000000
113.948073 e6 0.111111 1.000000
114.059184 d#6 0.111111 1.000000
114.170295 d6 0.111111 1.000000
114.281406 c#6 0.111111 1.000000
114.614739 c6 0.111111 1.000000
114.725850 b5 0.111111 1.000000
114.836961 a#5 0.111111 1.000000
114.948072 a5 0.111111 1.000000
115.059183 g5 0.111111 1.000000
115.170294 f5 0.111111 1.000000
115.281405 e4 0.333333 1.000000
115.281405 e5 0.333333 1.000000
115.614738 d#4 0.333333 1.000000
115.948071 e4 0.333333 1.000000
116.281404 g4 0.333333 1.000000
116.614737 f4 0.333333 1.000000
116.948070 e4 0.333333 1.000000
117.281403 d4 0.333333 1.000000
117.614736 c#4 0.333333 1.000000
117.948069 d4 0.333333 1.000000
118.281402 e4 0.666666 1.000000
118.948068 a4 0.333333 1.000000
119.281401 d#4 0.666666 1.000000
119.281401 c5 0.666666 1.000000
119.948067 a#4 0.333333 1.000000
120.281400 a4 0.666666 1.000000
120.948066 g4 0.333333 1.000000
121.614732 a4 0.333333 1.000000
121.281399 f#4 0.666666 1.000000
121.948065 a#4 0.333333 1.000000
122.614731 a#4 0.333333 1.000000
122.948064 c5 0.333333 1.000000
123.614730 c#5 0.333333 1.000000
123.948063 d5 0.333333 1.000000
124.614729 f#4 0.333333 1.000000
124.614729 c#5 0.333333 1.000000
124.614729 a4 0.333333 1.000000
124.948062 f#4 0.333333 1.000000
124.948062 d5 0.333333 1.000000
124.948062 a4 0.333333 1.000000
125.614728 g3 0.333333 1.000000
125.614728 a#3 0.333333 1.000000
125.614728 d#4 0.333333 1.000000
125.948061 g3 0.333333 1.000000
125.948061 d#4 0.333333 1.000000
125.948061 a#3 0.333333 1.000000
126.614727 d4 0.333333 1.000000
126.614727 c4 0.333333 1.000000
126.614727 f#3 0.333333 1.000000
126.948060 d4 0.333333 1.000000
126.948060 c4 0.333333 1.000000
126.948060 f#3 0.333333 1.000000
127.614726 a#3 0.333333 1.000000
127.614726 d4 0.333333 1.000000
127.614726 g3 0.333333 1.000000
127.948059 g3 0.333333 1.000000
127.948059 a#3 0.333333 1.000000
127.948059 d4 0.333333 1.000000
128.614725 g3 0.333333 1.000000
128.614725 a#3 0.333333 1.000000
128.614725 d4 0.333333 1.000000
128.948058 d4 0.333333 1.000000
128.948058 a#3 0.333333 1.000000
128.948058 g3 0.333333 1.000000
129.614724 d#4 0.333333 1.000000
129.614724 a#3 0.333333 1.000000
129.614724 g3 0.333333 1.000000
129.948057 g3 0.333333 1.000000
129.948057 a#3 0.333333 1.000000
129.948057 d#4 0.333333 1.000000
130.614723 c4 0.333333 1.000000
130.614723 d#4 0.333333 1.000000
130.614723 a3 0.333333 1.000000
130.948056 c4 0.333333 1.000000
130.948056 d#4 0.333333 1.000000
130.948056 a3 0.333333 1.000000
131.614722 f3 0.333333 1.000000
131.614722 d4 0.333333 1.000000
131.614722 a3 0.333333 1.000000
131.948055 f3 0.333333 1.000000
131.948055 a3 0.333333 1.000000
131.948055 d4 0.333333 1.000000
132.614721 f3 0.333333 1.000000
132.614721 d4 0.333333 1.000000
132.614721 a3 0.333333 1.000000
132.948054 f3 0.333333 1.000000
132.948054 a3 0.333333 1.000000
132.948054 d4 0.333333 1.000000
133.614720 d4 0.333333 1.000000
133.614720 a#3 0.333333 1.000000
133.614720 g3 0.333333 1.000000
133.948053 g3 0.333333 1.000000
133.948053 a#3 0.333333 1.000000
133.948053 d4 0.333333 1.000000
134.614719 c#4 0.333333 1.000000
134.614719 e3 0.333333 1.000000
134.614719 g3 0.333333 1.000000
134.948052 c#4 0.333333 1.000000
134.948052 e3 0.333333 1.000000
134.948052 g3 0.333333 1.000000
135.614718 f3 0.333333 1.000000
135.614718 d4 0.333333 1.000000
135.614718 a3 0.333333 1.000000
135.948051 f3 0.333333 1.000000
135.948051 a3 0.333333 1.000000
135.948051 d4 0.333333 1.000000
136.614717 f3 0.333333 1.000000
136.614717 a3 0.333333 1.000000
136.614717 d4 0.333333 1.000000
136.948050 f3 0.333333 1.000000
136.948050 a3 0.333333 1.000000
136.948050 d4 0.333333 1.000000
137.614716 f3 0.333333 1.000000
137.614716 a#3 0.333333 1.000000
137.614716 d4 0.333333 1.000000
137.948049 d4 0.333333 1.000000
137.948049 a#3 0.333333 1.000000
137.948049 f3 0.333333 1.000000
138.614715 d4 0.333333 1.000000
138.614715 e3 0.333333 1.000000
138.614715 g3 0.333333 1.000000
138.948048 d4 0.333333 1.000000
138.948048 e3 0.333333 1.000000
138.948048 g3 0.333333 1.000000
139.614714 c4 0.333333 1.000000
139.614714 a3 0.333333 1.000000
139.614714 d#4 0.333333 1.000000
139.614714 g4 0.333333 1.000000
139.948047 c4 0.333333 1.000000
139.948047 a3 0.333333 1.000000
139.948047 d#4 0.333333 1.000000
139.948047 g4 0.333333 1.000000
140.614713 a3 0.333333 1.000000
140.614713 c4 0.333333 1.000000
140.614713 d#4 0.333333 1.000000
140.614713 g4 0.333333 1.000000
140.948046 a3 0.333333 1.000000
140.948046 c4 0.333333 1.000000
140.948046 d#4 0.333333 1.000000
140.948046 g4 0.333333 1.000000
141.614712 g3 0.333333 1.000000
141.614712 a#3 0.333333 1.000000
141.614712 d#4 0.333333 1.000000
141.948045 g3 0.333333 1.000000
141.948045 d#4 0.333333 1.000000
141.948045 a#3 0.333333 1.000000
142.614711 d4 0.333333 1.000000
142.614711 c4 0.333333 1.000000
142.614711 f#3 0.333333 1.000000
142.948044 d4 0.333333 1.000000
142.948044 c4 0.333333 1.000000
142.948044 f#3 0.333333 1.000000
143.614710 a#3 0.333333 1.000000
143.614710 d4 0.333333 1.000000
143.614710 g3 0.333333 1.000000
143.948043 g3 0.333333 1.000000
143.948043 a#3 0.333333 1.000000
143.948043 d4 0.333333 1.000000
144.281376 a#3 0.500000 1.000000
144.281376 g3 0.500000 1.000000
144.281376 d4 0.500000 1.000000
144.781375 g3 0.500000 1.000000
144.781375 a#3 0.500000 1.000000
144.781375 d4 0.500000 1.000000
145.614708 d#4 0.333333 1.000000
145.614708 a#3 0.333333 1.000000
145.614708 g3 0.333333 1.000000
145.948041 g3 0.333333 1.000000
145.948041 a#3 0.333333 1.000000
145.948041 d#4 0.333333 1.000000
146.614707 c4 0.333333 1.000000
146.614707 d#4 0.333333 1.000000
146.614707 a3 0.333333 1.000000
146.948040 c4 0.333333 1.000000
146.948040 d#4 0.333333 1.000000
146.948040 a3 0.333333 1.000000
147.614706 f3 0.333333 1.000000
147.614706 d4 0.333333 1.000000
147.614706 a3 0.333333 1.000000
147.948039 f3 0.333333 1.000000
147.948039 a3 0.333333 1.000000
147.948039 d4 0.333333 1.000000
148.614705 f3 0.333333 1.000000
148.614705 d4 0.333333 1.000000
148.614705 a3 0.333333 1.000000
148.948038 f3 0.333333 1.000000
148.948038 a3 0.333333 1.000000
148.948038 d4 0.333333 1.000000
149.614704 d4 0.333333 1.000000
149.614704 a#3 0.333333 1.000000
149.614704 g3 0.333333 1.000000
149.948037 g3 0.333333 1.000000
149.948037 a#3 0.333333 1.000000
149.948037 d4 0.333333 1.000000
150.614703 c#4 0.333333 1.000000
150.614703 e3 0.333333 1.000000
150.614703 g3 0.333333 1.000000
150.948036 c#4 0.333333 1.000000
150.948036 e3 0.333333 1.000000
150.948036 g3 0.333333 1.000000
151.614702 f3 0.333333 1.000000
151.614702 d4 0.333333 1.000000
151.614702 a3 0.333333 1.000000
151.948035 f3 0.333333 1.000000
151.948035 a3 0.333333 1.000000
151.948035 d4 0.333333 1.000000
152.614701 f3 0.333333 1.000000
152.614701 a3 0.333333 1.000000
152.614701 d4 0.333333 1.000000
152.948034 f3 0.333333 1.000000
152.948034 a3 0.333333 1.000000
152.948034 d4 0.333333 1.000000
153.614700 f3 0.333333 1.000000
153.614700 a#3 0.333333 1.000000
153.614700 d4 0.333333 1.000000
153.948033 f3 0.333333 1.000000
153.948033 a#3 0.333333 1.000000
153.948033 d4 0.333333 1.000000
154.614699 e3 0.333333 1.000000
154.614699 g3 0.333333 1.000000
154.614699 c#4 0.333333 1.000000
154.948032 e3 0.333333 1.000000
154.948032 g3 0.333333 1.000000
154.948032 c#4 0.333333 1.000000
155.614698 d4 0.333333 1.000000
155.614698 a3 0.333333 1.000000
155.614698 f#3 0.333333 1.000000
155.948031 a3 0.333333 1.000000
155.948031 d4 0.333333 1.000000
155.948031 f#3 0.333333 1.000000
156.614697 d4 0.333333 1.000000
156.614697 a3 0.333333 1.000000
156.614697 f#3 0.333333 1.000000
156.948030 a3 0.333333 1.000000
156.948030 d4 0.333333 1.000000
156.948030 f#3 0.333333 1.000000
157.614696 d4 0.333333 1.000000
157.614696 a3 0.333333 1.000000
157.614696 f#3 0.333333 1.000000
157.948029 a3 0.333333 1.000000
157.948029 d4 0.333333 1.000000
157.948029 f#3 0.333333 1.000000
158.614695 d4 0.333333 1.000000
158.614695 a3 0.333333 1.000000
158.614695 f#3 0.333333 1.000000
158.948028 a3 0.333333 1.000000
158.948028 d4 0.333333 1.000000
158.948028 f#3 0.333333 1.000000
162.232179 e1 1.999998 1.000000
162.232179 e2 1.999998 1.000000
164.565510 f4 0.333333 1.000000
164.565510 c4 0.333333 1.000000
164.565510 a3 0.333333 1.000000
164.898843 a3 0.333333 1.000000
164.898843 c4 0.333333 1.000000
164.898843 f4 0.333333 1.000000
165.565509 g#3 0.333333 1.000000
165.565509 d4 0.333333 1.000000
165.565509 e4 0.333333 1.000000
165.898842 g#3 0.333333 1.000000
165.898842 d4 0.333333 1.000000
165.898842 e4 0.333333 1.000000
166.565508 a3 0.333333 1.000000
166.565508 e4 0.333333 1.000000
166.565508 c4 0.333333 1.000000
166.898841 a3 0.333333 1.000000
166.898841 c4 0.333333 1.000000
166.898841 e4 0.333333 1.000000
167.232174 a3 0.500000 1.000000
167.232174 c4 0.500000 1.000000
167.232174 e4 0.500000 1.000000
167.732173 e4 0.499999 1.000000
167.732173 c4 0.499999 1.000000
167.732173 a3 0.499999 1.000000
168.565506 a3 0.333333 1.000000
168.565506 f4 0.333333 1.000000
168.565506 c4 0.333333 1.000000
168.898839 a3 0.333333 1.000000
168.898839 c4 0.333333 1.000000
168.898839 f4 0.333333 1.000000
169.565505 g3 0.333333 1.000000
169.565505 f4 0.333333 1.000000
169.565505 b3 0.333333 1.000000
169.898838 g3 0.333333 1.000000
169.898838 b3 0.333333 1.000000
169.898838 f4 0.333333 1.000000
170.565504 g3 0.333333 1.000000
170.565504 b3 0.333333 1.000000
170.565504 e4 0.333333 1.000000
170.898837 g3 0.333333 1.000000
170.898837 b3 0.333333 1.000000
170.898837 e4 0.333333 1.000000
171.565503 g3 0.333333 1.000000
171.565503 b3 0.333333 1.000000
171.565503 e4 0.333333 1.000000
171.898836 g3 0.333333 1.000000
171.898836 b3 0.333333 1.000000
171.898836 e4 0.333333 1.000000
172.565502 a3 0.333333 1.000000
172.565502 c4 0.333333 1.000000
172.565502 e4 0.333333 1.000000
172.898835 e4 0.333333 1.000000
172.898835 c4 0.333333 1.000000
172.898835 a3 0.333333 1.000000
173.565501 d#4 0.333333 1.000000
173.565501 f#3 0.333333 1.000000
173.565501 a3 0.333333 1.000000
173.898834 d#4 0.333333 1.000000
173.898834 f#3 0.333333 1.000000
173.898834 a3 0.333333 1.000000
174.565500 g3 0.333333 1.000000
174.565500 b3 0.333333 1.000000
174.565500 e4 0.333333 1.000000
174.898833 g3 0.333333 1.000000
174.898833 b3 0.333333 1.000000
174.898833 e4 0.333333 1.000000
175.565499 b3 0.333333 1.000000
175.565499 e4 0.333333 1.000000
175.565499 g3 0.333333 1.000000
175.898832 e4 0.333333 1.000000
175.898832 b3 0.333333 1.000000
175.898832 g3 0.333333 1.000000
176.565498 e4 0.333333 1.000000
176.565498 c4 0.333333 1.000000
176.565498 g3 0.333333 1.000000
176.898831 g3 0.333333 1.000000
176.898831 c4 0.333333 1.000000
176.898831 e4 0.333333 1.000000
177.565497 f#3 0.333333 1.000000
177.565497 d#4 0.333333 1.000000
177.565497 a3 0.333333 1.000000
177.898830 f#3 0.333333 1.000000
177.898830 d#4 0.333333 1.000000
177.898830 a3 0.333333 1.000000
178.565496 e4 0.333333 1.000000
178.565496 b3 0.333333 1.000000
178.565496 g#3 0.333333 1.000000
178.898829 e4 0.333333 1.000000
178.898829 b3 0.333333 1.000000
178.898829 g#3 0.333333 1.000000
179.565495 e4 0.333333 1.000000
179.565495 b3 0.333333 1.000000
179.565495 g#3 0.333333 1.000000
179.898828 e4 0.333333 1.000000
179.898828 b3 0.333333 1.000000
179.898828 g#3 0.333333 1.000000
180.565494 e4 0.333333 1.000000
180.565494 b3 0.333333 1.000000
180.565494 g#3 0.333333 1.000000
180.898827 e4 0.333333 1.000000
180.898827 b3 0.333333 1.000000
180.898827 g#3 0.333333 1.000000
181.565493 e4 0.333333 1.000000
181.565493 b3 0.333333 1.000000
181.565493 g#3 0.333333 1.000000
181.898826 e4 0.333333 1.000000
181.898826 b3 0.333333 1.000000
181.898826 g#3 0.333333 1.000000
187.741793 e4 0.331491 1.000000
187.741793 b3 0.331491 1.000000
187.741793 g#3 0.331491 1.000000
188.073284 b3 0.331491 1.000000
188.073284 e4 0.331491 1.000000
188.073284 g#3 0.331491 1.000000
188.736266 e4 0.331491 1.000000
188.736266 b3 0.331491 1.000000
188.736266 g#3 0.331491 1.000000
189.067757 b3 0.331491 1.000000
189.067757 e4 0.331491 1.000000
189.067757 g#3 0.331491 1.000000
189.399248 g#4 0.662982 1.000000
189.399248 e4 0.662982 1.000000
189.399248 b4 0.662982 1.000000
190.062230 e4 0.331491 1.000000
190.062230 a4 0.331491 1.000000
190.062230 c5 0.331491 1.000000
190.393721 g#4 0.662982 1.000000
190.393721 e4 0.662982 1.000000
190.393721 b4 0.662982 1.000000
191.056703 e4 0.331491 1.000000
191.056703 a4 0.331491 1.000000
191.056703 c5 0.331491 1.000000
191.388193 g#4 0.662982 1.000000
191.388193 e4 0.662982 1.000000
191.388193 b4 0.662982 1.000000
192.051175 e4 0.331491 1.000000
192.051175 a4 0.331491 1.000000
192.051175 c5 0.331491 1.000000
192.465539 e5 0.082873 1.000000
192.548412 f5 0.125000 1.000000
192.673412 f#5 0.125000 1.000000
192.382666 g#4 0.415746 1.000000
192.382666 e4 0.415746 1.000000
192.382666 b4 0.415746 1.000000
192.798412 g5 0.125000 1.000000
192.923412 e5 0.125000 1.000000
193.048412 f#5 0.125000 1.000000
193.173412 d5 0.125000 1.000000
193.298412 e5 0.125000 1.000000
193.423412 c5 0.125000 1.000000
193.548412 d5 0.125000 1.000000
193.673412 b4 0.125000 1.000000
193.798412 c5 0.125000 1.000000
193.923412 a4 0.125000 1.000000
194.048412 b4 0.125000 1.000000
194.173412 g4 0.125000 1.000000
194.298412 a4 0.125000 1.000000
194.423412 f#4 1.016949 1.000000
196.203073 e2 4.500000 1.000000
196.265573 b2 4.687500 1.000000
196.328073 e3 4.875000 1.000000
196.390573 g#3 5.062500 1.000000
196.453073 b3 5.250000 1.000000
196.515573 e4 5.437500 1.000000
196.640573 b4 5.812500 1.000000
196.703073 e5 6.000000 1.000000
end

# Instrument: CH #3

part
num_notes 517
15.452376 d4 1.395348 1.000000
15.452376 a#3 1.395348 1.000000
15.452376 d#3 1.395348 1.000000
14.754702 c2 2.093022 1.000000
17.545398 f#3 1.395348 1.000000
17.545398 c4 1.395348 1.000000
17.545398 d#4 1.395348 1.000000
16.847724 d2 2.093022 1.000000
19.638420 d4 1.395348 1.000000
19.638420 a#3 1.395348 1.000000
19.638420 f3 1.395348 1.000000
18.940746 g2 2.093022 1.000000
21.033768 g3 2.093022 1.000000
21.731442 a#3 1.395348 1.000000
21.731442 d4 1.395348 1.000000
23.824464 d#4 1.395348 1.000000
23.824464 a#3 1.395348 1.000000
23.824464 g3 1.395348 1.000000
23.126790 c2 2.093022 1.000000
25.917486 a3 1.395348 1.000000
25.917486 g4 1.395348 1.000000
25.917486 d#4 1.395348 1.000000
25.219812 f2 2.093022 1.000000
28.010508 f3 1.395348 1.000000
28.010508 d4 1.395348 1.000000
28.010508 a3 1.395348 1.000000
27.312834 a#2 2.093022 1.000000
30.103530 a3 1.395348 1.000000
30.103530 d4 1.395348 1.000000
29.405856 f2 2.093022 1.000000
32.196552 d4 1.395348 1.000000
32.196552 a#3 1.395348 1.000000
31.498878 e2 2.093022 1.000000
34.289574 c#4 1.395348 1.000000
34.289574 g3 1.395348 1.000000
33.591900 a2 2.093022 1.000000
36.382596 d4 1.395348 1.000000
36.382596 a3 1.395348 1.000000
35.684922 d3 2.093022 1.000000
38.475618 a3 1.395348 1.000000
38.475618 f3 1.395348 1.000000
37.777944 c3 2.093022 1.000000
40.568640 f3 1.395348 1.000000
40.568640 a#3 1.395348 1.000000
39.870966 a#2 2.093022 1.000000
42.661662 e3 1.395348 1.000000
42.661662 g3 1.395348 1.000000
41.963988 a2 2.093022 1.000000
44.057010 d2 2.085270 1.000000
44.754684 d3 3.101880 1.000000
44.754684 c4 3.101880 1.000000
53.281467 g2 0.999999 1.000000
54.281466 d2 0.999999 1.000000
55.281465 g2 0.999999 1.000000
56.281464 d2 0.999999 1.000000
57.281463 c3 0.999999 1.000000
58.281462 d3 0.999999 1.000000
59.281461 g2 0.999999 1.000000
60.281460 g2 0.999999 1.000000
61.281459 c3 0.999999 1.000000
62.281458 f3 0.999999 1.000000
63.281457 a#2 0.999999 1.000000
64.281456 f3 0.999999 1.000000
65.281455 e3 0.999999 1.000000
66.281454 a2 0.999999 1.000000
67.281453 d3 0.999999 1.000000
68.281452 c3 0.999999 1.000000
69.281451 a#2 0.999999 1.000000
70.281450 a2 0.999999 1.000000
71.281449 d3 0.999999 1.000000
72.281448 d3 0.999999 1.000000
73.281447 c3 0.999999 1.000000
74.281446 d3 0.999999 1.000000
75.281445 g2 0.999999 1.000000
76.281444 g2 0.500000 1.000000
76.781443 f2 0.500000 1.000000
77.281443 c3 0.999999 1.000000
78.281442 f3 0.999999 1.000000
79.281441 a#2 0.999999 1.000000
80.281440 f3 0.999999 1.000000
81.281439 e3 0.999999 1.000000
82.281438 a2 0.999999 1.000000
83.281437 d3 0.999999 1.000000
84.281436 c3 0.999999 1.000000
85.281435 a#2 0.999999 1.000000
86.281434 a2 0.999999 1.000000
87.281433 d3 0.999999 1.000000
88.281432 d3 0.999999 1.000000
89.281431 d3 0.999999 1.000000
90.281430 d3 0.999999 1.000000
91.281429 f3 0.333333 1.000000
91.614762 a#3 0.333333 1.000000
91.614762 d#4 0.333333 1.000000
91.614762 g3 0.333333 1.000000
91.948095 a#3 0.333333 1.000000
91.948095 g3 0.333333 1.000000
91.948095 d#4 0.333333 1.000000
92.281428 f3 0.333333 1.000000
92.614761 c4 0.333333 1.000000
92.614761 d#4 0.333333 1.000000
92.614761 a3 0.333333 1.000000
92.948094 c4 0.333333 1.000000
92.948094 d#4 0.333333 1.000000
92.948094 a3 0.333333 1.000000
93.281427 a#2 0.333333 1.000000
93.614760 f3 0.333333 1.000000
93.614760 d4 0.333333 1.000000
93.614760 a3 0.333333 1.000000
93.948093 f3 0.333333 1.000000
93.948093 d4 0.333333 1.000000
93.948093 a3 0.333333 1.000000
94.281426 a#2 0.333333 1.000000
94.614759 f3 0.333333 1.000000
94.614759 d4 0.333333 1.000000
94.614759 a3 0.333333 1.000000
94.948092 f3 0.333333 1.000000
94.948092 d4 0.333333 1.000000
94.948092 a3 0.333333 1.000000
95.281425 f3 0.333333 1.000000
95.614758 a#3 0.333333 1.000000
95.614758 d#4 0.333333 1.000000
95.614758 g3 0.333333 1.000000
95.948091 a#3 0.333333 1.000000
95.948091 g3 0.333333 1.000000
95.948091 d#4 0.333333 1.000000
96.281424 f3 0.333333 1.000000
96.614757 c4 0.333333 1.000000
96.614757 d#4 0.333333 1.000000
96.614757 a3 0.333333 1.000000
96.948090 c4 0.333333 1.000000
96.948090 d#4 0.333333 1.000000
96.948090 a3 0.333333 1.000000
97.281423 a#2 0.333333 1.000000
97.614756 f3 0.333333 1.000000
97.614756 a3 0.333333 1.000000
97.614756 d4 0.333333 1.000000
97.948089 d4 0.333333 1.000000
97.948089 a3 0.333333 1.000000
97.948089 f3 0.333333 1.000000
98.281422 a#2 0.333333 1.000000
98.614755 f3 0.333333 1.000000
98.614755 a3 0.333333 1.000000
98.614755 d4 0.333333 1.000000
98.948088 d4 0.333333 1.000000
98.948088 a3 0.333333 1.000000
98.948088 f3 0.333333 1.000000
99.281421 d3 0.333333 1.000000
99.614754 f4 0.333333 1.000000
99.614754 d4 0.333333 1.000000
99.614754 a3 0.333333 1.000000
99.948087 f4 0.333333 1.000000
99.948087 a3 0.333333 1.000000
99.948087 d4 0.333333 1.000000
100.281420 d3 0.333333 1.000000
100.614753 f4 0.333333 1.000000
100.614753 a3 0.333333 1.000000
100.614753 d4 0.333333 1.000000
100.948086 f4 0.333333 1.000000
100.948086 d4 0.333333 1.000000
100.948086 a3 0.333333 1.000000
101.281419 e3 0.333333 1.000000
101.614752 e4 0.333333 1.000000
101.614752 a3 0.333333 1.000000
101.614752 c#4 0.333333 1.000000
101.948085 e4 0.333333 1.000000
101.948085 a3 0.333333 1.000000
101.948085 c#4 0.333333 1.000000
102.281418 e2 0.333333 1.000000
102.614751 e4 0.333333 1.000000
102.614751 a3 0.333333 1.000000
102.614751 c#4 0.333333 1.000000
102.948084 e4 0.333333 1.000000
102.948084 a3 0.333333 1.000000
102.948084 c#4 0.333333 1.000000
103.281417 d3 0.333333 1.000000
103.614750 f4 0.333333 1.000000
103.614750 d4 0.333333 1.000000
103.614750 a3 0.333333 1.000000
103.948083 f4 0.333333 1.000000
103.948083 a3 0.333333 1.000000
103.948083 d4 0.333333 1.000000
104.281416 d3 0.333333 1.000000
104.614749 f4 0.333333 1.000000
104.614749 a3 0.333333 1.000000
104.614749 d4 0.333333 1.000000
104.948082 f4 0.333333 1.000000
104.948082 d4 0.333333 1.000000
104.948082 a3 0.333333 1.000000
105.281415 e3 0.333333 1.000000
105.614748 e4 0.333333 1.000000
105.614748 a3 0.333333 1.000000
105.614748 c#4 0.333333 1.000000
105.948081 e4 0.333333 1.000000
105.948081 a3 0.333333 1.000000
105.948081 c#4 0.333333 1.000000
106.281414 a2 0.333333 1.000000
106.614747 g3 0.333333 1.000000
106.614747 e4 0.333333 1.000000
106.614747 a3 0.333333 1.000000
106.614747 c#4 0.333333 1.000000
106.948080 e3 0.333333 1.000000
106.948080 e4 0.333333 1.000000
106.948080 a3 0.333333 1.000000
106.948080 c#4 0.333333 1.000000
107.614746 c4 0.333333 1.000000
107.614746 d#4 0.333333 1.000000
107.614746 f#3 0.333333 1.000000
107.948079 d#4 0.333333 1.000000
107.948079 c4 0.333333 1.000000
107.948079 f#3 0.333333 1.000000
107.281413 d2 0.999999 1.000000
108.614745 c4 0.333333 1.000000
108.614745 d#4 0.333333 1.000000
108.614745 f#3 0.333333 1.000000
108.948078 d#4 0.333333 1.000000
108.948078 c4 0.333333 1.000000
108.948078 f#3 0.333333 1.000000
108.281412 d2 0.999999 1.000000
109.614744 d4 0.333333 1.000000
109.614744 a#3 0.333333 1.000000
109.614744 f3 0.333333 1.000000
109.948077 f3 0.333333 1.000000
109.948077 a#3 0.333333 1.000000
109.948077 d4 0.333333 1.000000
109.281411 g2 0.999999 1.000000
110.614743 d4 0.333333 1.000000
110.614743 a#3 0.333333 1.000000
110.614743 f3 0.333333 1.000000
110.948076 f3 0.333333 1.000000
110.948076 a#3 0.333333 1.000000
110.948076 d4 0.333333 1.000000
110.281410 g2 0.999999 1.000000
111.614742 d4 0.333333 1.000000
111.614742 a#3 0.333333 1.000000
111.614742 e3 0.333333 1.000000
111.948075 d4 0.333333 1.000000
111.948075 a#3 0.333333 1.000000
111.948075 e3 0.333333 1.000000
111.281409 c2 0.999999 1.000000
112.614741 d4 0.333333 1.000000
112.614741 a#3 0.333333 1.000000
112.614741 e3 0.333333 1.000000
112.948074 d4 0.333333 1.000000
112.948074 a#3 0.333333 1.000000
112.948074 e3 0.333333 1.000000
112.281408 c2 0.999999 1.000000
113.614740 a3 0.333333 1.000000
113.614740 c4 0.333333 1.000000
113.614740 e3 0.333333 1.000000
113.948073 c4 0.333333 1.000000
113.948073 a3 0.333333 1.000000
113.948073 e3 0.333333 1.000000
113.281407 f2 0.999999 1.000000
114.614739 a3 0.333333 1.000000
114.614739 c4 0.333333 1.000000
114.614739 e3 0.333333 1.000000
114.948072 c4 0.333333 1.000000
114.948072 a3 0.333333 1.000000
114.948072 e3 0.333333 1.000000
114.281406 f2 0.999999 1.000000
115.281405 b2 0.333333 1.000000
115.614738 a3 0.333333 1.000000
115.614738 f#3 0.333333 1.000000
115.948071 a3 0.333333 1.000000
115.948071 f#3 0.333333 1.000000
116.281404 e3 0.333333 1.000000
116.614737 g#3 0.333333 1.000000
116.614737 b3 0.333333 1.000000
116.948070 g#3 0.333333 1.000000
116.948070 b3 0.333333 1.000000
117.281403 a2 0.333333 1.000000
117.614736 a3 0.333333 1.000000
117.614736 e3 0.333333 1.000000
117.948069 e3 0.333333 1.000000
117.948069 a3 0.333333 1.000000
118.281402 a2 0.333333 1.000000
118.614735 a3 0.333333 1.000000
118.614735 c#4 0.333333 1.000000
118.948068 a3 0.333333 1.000000
118.948068 c#4 0.333333 1.000000
119.281401 c3 0.333333 1.000000
119.614734 g3 0.333333 1.000000
119.614734 c4 0.333333 1.000000
119.948067 c4 0.333333 1.000000
119.948067 g3 0.333333 1.000000
120.281400 c3 0.333333 1.000000
120.614733 g3 0.333333 1.000000
120.614733 c4 0.333333 1.000000
120.948066 c4 0.333333 1.000000
120.948066 g3 0.333333 1.000000
121.614732 f#3 0.333333 1.000000
121.614732 c4 0.333333 1.000000
121.614732 d#4 0.333333 1.000000
121.948065 f#3 0.333333 1.000000
121.948065 c4 0.333333 1.000000
121.948065 d#4 0.333333 1.000000
121.281399 d2 0.999999 1.000000
122.614731 f#3 0.333333 1.000000
122.614731 c4 0.333333 1.000000
122.614731 d#4 0.333333 1.000000
122.948064 f#3 0.333333 1.000000
122.948064 c4 0.333333 1.000000
122.948064 d#4 0.333333 1.000000
122.281398 d2 0.999999 1.000000
123.614730 f#3 0.333333 1.000000
123.614730 c4 0.333333 1.000000
123.614730 d#4 0.333333 1.000000
123.948063 f#3 0.333333 1.000000
123.948063 c4 0.333333 1.000000
123.948063 d#4 0.333333 1.000000
123.281397 d2 0.999999 1.000000
124.614729 f#3 0.333333 1.000000
124.614729 a3 0.333333 1.000000
124.614729 d4 0.333333 1.000000
124.948062 f#3 0.333333 1.000000
124.948062 d4 0.333333 1.000000
124.948062 a3 0.333333 1.000000
124.281396 d2 0.999999 1.000000
125.281395 c3 0.999999 1.000000
126.281394 d3 0.999999 1.000000
127.281393 g2 0.999999 1.000000
128.281392 g2 0.999999 1.000000
129.281391 c3 0.999999 1.000000
130.281390 f3 0.999999 1.000000
131.281389 a#2 0.999999 1.000000
132.281388 f3 0.999999 1.000000
133.281387 e3 0.999999 1.000000
134.281386 a2 0.999999 1.000000
135.281385 d3 0.999999 1.000000
136.281384 c3 0.999999 1.000000
137.281383 a#2 0.999999 1.000000
138.281382 a2 0.999999 1.000000
139.281381 d3 0.999999 1.000000
140.281380 d3 0.999999 1.000000
141.281379 c3 0.999999 1.000000
142.281378 d3 0.999999 1.000000
143.281377 g2 0.999999 1.000000
144.281376 g2 0.500000 1.000000
144.781375 f2 0.500000 1.000000
145.281375 c3 0.999999 1.000000
146.281374 f3 0.999999 1.000000
147.281373 a#2 0.999999 1.000000
148.281372 f3 0.999999 1.000000
149.281371 e3 0.999999 1.000000
150.281370 a2 0.999999 1.000000
151.281369 d3 0.999999 1.000000
152.281368 c3 0.999999 1.000000
153.281367 a#2 0.999999 1.000000
154.281366 a2 0.666666 1.000000
154.948032 a1 0.333333 1.000000
154.948032 a2 0.333333 1.000000
155.281365 d1 0.666666 1.000000
155.281365 d2 0.666666 1.000000
155.948031 a1 0.333333 1.000000
155.948031 a2 0.333333 1.000000
156.281364 d2 0.666666 1.000000
156.281364 d3 0.666666 1.000000
156.948030 a1 0.333333 1.000000
156.948030 a2 0.333333 1.000000
157.281363 d1 0.666666 1.000000
157.281363 d2 0.666666 1.000000
157.948029 a1 0.333333 1.000000
157.948029 a2 0.333333 1.000000
158.281362 d2 0.666666 1.000000
158.281362 d3 0.666666 1.000000
158.948028 a2 0.333333 1.000000
162.232179 c1 0.083333 1.000000
162.273845 e2 0.083333 1.000000
162.315512 c1 0.083333 1.000000
162.357179 e2 0.083333 1.000000
162.398845 c1 0.083333 1.000000
162.440512 e2 0.083333 1.000000
162.482178 c1 0.083333 1.000000
162.523845 e2 0.083333 1.000000
162.565512 c1 0.083333 1.000000
162.607178 e2 0.083333 1.000000
162.648845 c1 0.083333 1.000000
162.690512 e2 0.083333 1.000000
162.732178 c1 0.083333 1.000000
162.773845 e2 0.083333 1.000000
162.815511 c1 0.083333 1.000000
162.857178 e2 0.083333 1.000000
162.898845 c1 0.083333 1.000000
162.940511 e2 0.083333 1.000000
162.982178 c1 0.083333 1.000000
163.023845 e2 0.083333 1.000000
163.065511 c1 0.083333 1.000000
163.107178 e2 0.083333 1.000000
163.148844 c1 0.083333 1.000000
163.190511 e2 0.083333 1.000000
163.232178 c1 0.083333 1.000000
163.273844 e2 0.083333 1.000000
163.315511 c1 0.083333 1.000000
163.357178 e2 0.083333 1.000000
163.398844 c1 0.083333 1.000000
163.440511 e2 0.083333 1.000000
163.482177 c1 0.083333 1.000000
163.523844 e2 0.083333 1.000000
163.565511 c1 0.083333 1.000000
163.607177 e2 0.083333 1.000000
163.648844 c1 0.083333 1.000000
163.690511 e2 0.083333 1.000000
163.732177 c1 0.083333 1.000000
163.773844 e2 0.083333 1.000000
163.815510 c1 0.083333 1.000000
163.857177 e2 0.083333 1.000000
163.898844 c1 0.083333 1.000000
163.940510 e2 0.083333 1.000000
163.982177 c1 0.083333 1.000000
164.023844 e2 0.083333 1.000000
164.065510 c1 0.083333 1.000000
164.107177 e2 0.083333 1.000000
164.148843 c1 0.083333 1.000000
164.190510 e2 0.083333 1.000000
164.232177 d2 0.999999 1.000000
165.232176 e2 0.999999 1.000000
166.232175 a2 0.999999 1.000000
167.232174 a2 0.500000 1.000000
167.732173 g2 0.499999 1.000000
168.232173 d2 0.999999 1.000000
169.232172 g2 0.999999 1.000000
170.232171 c2 0.999999 1.000000
171.232170 c3 0.999999 1.000000
172.232169 f#2 0.999999 1.000000
173.232168 b1 0.999999 1.000000
174.232167 e2 0.999999 1.000000
175.232166 d2 0.999999 1.000000
176.232165 c2 0.999999 1.000000
177.232164 b1 0.333333 1.000000
177.565497 b0 0.083333 1.000000
177.607163 b1 0.083333 1.000000
177.648830 b0 0.083333 1.000000
177.690497 b1 0.083333 1.000000
177.732163 b0 0.083333 1.000000
177.773830 b1 0.083333 1.000000
177.815496 b0 0.083333 1.000000
177.857163 b1 0.083333 1.000000
177.898830 b0 0.083333 1.000000
177.940496 b1 0.083333 1.000000
177.982163 b0 0.083333 1.000000
178.023830 b1 0.083333 1.000000
178.065496 b0 0.083333 1.000000
178.107163 b1 0.083333 1.000000
178.148829 b0 0.083333 1.000000
178.190496 b1 0.083333 1.000000
178.232163 e2 0.666666 1.000000
178.232163 e1 0.666666 1.000000
178.898829 b0 0.333333 1.000000
178.898829 b1 0.333333 1.000000
179.232162 e2 0.666666 1.000000
179.232162 e1 0.666666 1.000000
179.898828 b0 0.333333 1.000000
179.898828 b1 0.333333 1.000000
180.232161 e2 0.666666 1.000000
180.232161 e1 0.666666 1.000000
180.898827 b0 0.333333 1.000000
180.898827 b1 0.333333 1.000000
181.232160 e2 0.666666 1.000000
181.232160 e1 0.666666 1.000000
181.898826 b0 0.333333 1.000000
181.898826 b1 0.333333 1.000000
182.232159 a2 0.900000 1.000000
183.132159 e3 0.300000 1.000000
183.432159 b3 0.300000 1.000000
183.732159 c4 0.300000 1.000000
184.032159 b1 1.200000 1.000000
184.032159 b2 1.200000 1.000000
185.232159 b1 1.200000 1.000000
185.232159 b2 1.200000 1.000000
186.432159 b1 0.150000 1.000000
186.507159 b2 0.150000 1.000000
186.582159 b1 0.150000 1.000000
186.657159 b2 0.150000 1.000000
186.732159 b1 0.150000 1.000000
186.807159 b2 0.145755 1.000000
186.882159 b1 0.135410 1.000000
186.952913 b2 0.125139 1.000000
187.017568 b1 0.116039 1.000000
187.078052 b2 0.108003 1.000000
187.133608 b1 0.101789 1.000000
187.186055 b2 0.095638 1.000000
187.235397 b1 0.090156 1.000000
187.281693 b2 0.086473 1.000000
187.325553 b1 0.084748 1.000000
187.368167 b2 0.083571 1.000000
187.410302 e2 0.662982 1.000000
187.410302 e3 0.662982 1.000000
188.073284 b2 0.331491 1.000000
188.404775 e2 0.662982 1.000000
188.404775 e3 0.662982 1.000000
189.067757 b2 0.331491 1.000000
189.399248 e2 0.662982 1.000000
189.399248 e3 0.662982 1.000000
190.062230 a2 0.331491 1.000000
190.393721 e2 0.662982 1.000000
190.393721 e3 0.662982 1.000000
191.056703 a2 0.331491 1.000000
191.388193 e2 0.662982 1.000000
191.388193 e3 0.662982 1.000000
192.051175 b1 0.331491 1.000000
192.051175 b2 0.331491 1.000000
192.382666 e2 0.415746 1.000000
192.382666 e3 0.415746 1.000000
192.798412 a4 0.125000 1.000000
192.923412 g4 0.125000 1.000000
193.048412 f4 0.125000 1.000000
193.173412 e4 0.125000 1.000000
193.298412 d4 0.125000 1.000000
193.423412 c4 0.125000 1.000000
193.548412 b3 0.125000 1.000000
193.673412 a3 0.125000 1.000000
193.798412 g3 0.125000 1.000000
193.923412 f3 0.125000 1.000000
194.048412 e3 0.125000 1.000000
194.173412 d3 0.125000 1.000000
194.298412 c3 0.125000 1.000000
194.423412 b2 1.016949 1.000000
end

# Instrument: CH #4

part
num_notes 69
73.614780 g4 0.166666 1.000000
73.781446 a4 0.166667 1.000000
73.948113 a#4 0.166667 1.000000
74.114779 g4 0.166666 1.000000
74.281446 c5 0.166667 1.000000
74.448112 d5 0.166667 1.000000
74.614779 d#5 0.666666 1.000000
75.614778 g4 0.166666 1.000000
75.781444 a4 0.166667 1.000000
75.948111 a#4 0.166666 1.000000
76.114777 g4 0.166667 1.000000
76.281444 d5 0.999999 1.000000
77.614776 c5 0.166667 1.000000
77.781442 d5 0.166666 1.000000
77.948109 d#5 0.166667 1.000000
78.114775 c5 0.166667 1.000000
78.281442 g5 0.666666 1.000000
79.614774 d5 0.166666 1.000000
79.781440 d#5 0.166667 1.000000
79.948107 f5 0.166667 1.000000
80.114773 d5 0.166666 1.000000
80.614773 c5 0.166667 1.000000
80.781439 a#4 0.166667 1.000000
80.948106 a4 0.166666 1.000000
81.114772 g4 0.166667 1.000000
81.614772 a3 0.333333 1.000000
81.948105 d4 0.333333 1.000000
82.281438 c#4 0.666666 1.000000
83.281437 c4 0.500000 1.000000
83.781436 f4 0.166666 1.000000
83.948103 c4 0.166667 1.000000
84.114769 a3 0.166666 1.000000
84.614769 g3 0.333333 1.000000
84.281436 f3 0.666666 1.000000
84.948102 a3 0.333333 1.000000
85.281435 a#3 0.666666 1.000000
86.281434 a3 0.999999 1.000000
87.614766 d5 0.333333 1.000000
87.948099 e5 0.333333 1.000000
88.281432 f#5 0.333333 1.000000
88.614765 d5 0.333333 1.000000
88.948098 a4 0.333333 1.000000
89.614764 f#4 0.333333 1.000000
89.948097 g4 0.333333 1.000000
90.281430 a4 0.333333 1.000000
90.614763 f#4 0.333333 1.000000
90.948096 d5 0.333333 1.000000
148.281372 a4 0.333333 1.000000
148.614705 d5 0.333333 1.000000
148.948038 f5 0.333333 1.000000
149.281371 a5 0.666666 1.000000
149.948037 g5 0.666666 1.000000
150.614703 f5 0.166667 1.000000
150.781369 e5 0.166666 1.000000
150.948036 d#5 0.166666 1.000000
151.114702 e5 0.166667 1.000000
151.281369 g5 0.666666 1.000000
151.948035 f5 0.666666 1.000000
152.614701 e5 0.166667 1.000000
152.781367 d5 0.166666 1.000000
152.948034 c#5 0.166667 1.000000
153.114700 d5 0.166667 1.000000
153.281367 d5 0.333333 1.000000
153.614700 c5 0.333333 1.000000
153.948033 a#4 0.333333 1.000000
154.281366 a4 0.500000 1.000000
154.781365 b4 0.166666 1.000000
154.948032 c#5 0.333333 1.000000
155.281365 d5 1.333332 1.000000
end
