# Outputted with MidiToZac v0.2
# Start of Music
bpm 60

num_parts 2

# Instrument: 

part
num_notes 524
0.00 a#4 0.47 0.51
0.50 g5 2.00 0.51
2.50 f5 0.50 0.51
3.00 g5 0.50 0.51
3.50 f5 1.50 0.51
5.00 d#5 0.95 0.51
6.00 a#4 0.50 0.51
6.50 g5 1.00 0.51
7.50 d5 0.12 0.54
7.62 c5 0.12 0.54
7.75 a#4 0.12 0.54
7.88 c5 0.12 0.54
8.00 c6 1.00 0.56
9.00 g5 0.50 0.59
9.50 a#5 1.50 0.59
11.00 g#5 1.00 0.59
12.00 g5 0.47 0.59
12.50 f5 1.42 0.59
14.00 g5 1.00 0.59
15.00 d5 0.47 0.59
15.50 d#5 1.42 0.59
17.00 c5 1.42 0.59
18.50 a#4 0.50 0.59
19.00 d6 0.47 0.59
19.50 c6 0.50 0.59
20.00 a#5 0.25 0.59
20.25 g#5 0.25 0.59
20.50 g5 0.25 0.59
20.75 g#5 0.24 0.59
21.00 c5 0.25 0.59
21.25 d5 0.25 0.59
21.50 d#5 1.42 0.59
24.00 a#4 0.50 0.59
24.50 g5 1.42 0.51
26.00 f5 0.24 0.51
26.25 g5 0.24 0.51
26.50 f5 0.07 0.51
26.58 g5 0.07 0.51
26.66 f5 0.07 0.51
26.75 e5 0.24 0.51
27.00 f5 0.24 0.51
27.25 g5 0.24 0.51
27.50 f5 0.47 0.51
28.00 d#5 1.24 0.61
29.25 f5 0.24 0.51
29.50 d#5 0.07 0.51
29.58 f5 0.07 0.51
29.66 d#5 0.07 0.51
29.75 d5 0.24 0.51
30.00 d#5 0.24 0.51
30.25 f5 0.24 0.51
30.50 g5 0.24 0.51
30.75 b4 0.24 0.52
31.00 c5 0.24 0.54
31.25 c#5 0.25 0.55
31.50 c5 0.24 0.56
31.75 f5 0.25 0.57
32.00 e5 0.24 0.59
32.25 g#5 0.25 0.60
32.50 g5 0.24 0.61
32.75 c#6 0.25 0.63
33.00 c6 0.25 0.64
33.25 g5 0.25 0.65
33.50 a#5 1.42 0.67
35.00 g#5 0.95 0.55
36.00 g5 0.47 0.55
36.50 f5 0.11 0.55
36.62 g5 0.11 0.55
36.75 f5 0.11 0.55
36.88 g5 0.11 0.55
37.00 f5 0.11 0.55
37.12 g5 0.11 0.55
37.25 f5 0.11 0.55
37.37 g5 0.11 0.55
37.50 f5 0.11 0.55
37.62 g5 0.11 0.55
37.75 f5 0.11 0.55
37.87 g5 0.11 0.55
38.00 e5 0.12 0.55
38.12 f5 0.12 0.55
38.25 g5 0.12 0.55
38.50 g5 0.50 0.55
39.00 d5 0.47 0.55
39.50 d#5 1.50 0.55
41.00 c5 1.42 0.55
42.50 a#4 0.50 0.55
43.00 d6 0.47 0.55
43.50 c6 0.25 0.55
44.00 a#5 0.12 0.55
44.25 g#5 0.12 0.55
44.50 g5 0.12 0.55
44.75 g#5 0.12 0.55
45.00 g#5 0.06 0.55
45.06 c5 0.18 0.55
45.25 d5 0.24 0.55
45.50 d#5 1.90 0.55
47.50 d5 0.47 0.55
48.00 d#5 0.47 0.55
48.50 f5 1.42 0.47
50.00 g5 1.00 0.57
51.00 f5 0.47 0.47
51.50 f5 1.50 0.43
53.00 c5 1.42 0.43
54.50 d#5 0.25 0.43
55.00 d#5 0.25 0.43
55.50 d#5 0.25 0.43
56.00 d#5 0.47 0.43
56.50 d5 0.25 0.43
56.75 d#5 0.25 0.43
57.00 f5 0.37 0.43
57.38 d#5 0.12 0.43
57.50 d#5 1.42 0.43
59.00 a#4 1.42 0.43
60.50 a#5 1.42 0.76
62.00 a5 0.95 0.76
63.00 g5 0.47 0.76
63.50 a4 1.42 0.76
63.50 f5 1.42 0.76
65.00 a#4 1.42 0.76
65.00 d5 1.42 0.76
66.50 g4 1.42 0.76
66.50 d#5 1.42 0.76
68.00 a4 0.25 0.76
68.00 d5 0.25 0.76
68.50 a4 0.25 0.76
68.50 c5 0.25 0.76
69.00 a4 0.25 0.76
69.00 d5 0.25 0.76
69.50 f4 0.47 0.76
69.50 a#4 0.47 0.76
70.00 f#4 0.50 0.76
70.00 b4 0.50 0.76
70.50 e4 0.50 0.78
70.50 b4 0.50 0.78
71.00 e4 0.50 0.80
71.00 a#4 0.50 0.80
71.00 c5 0.50 0.80
71.50 f4 0.50 0.83
71.50 a4 0.50 0.83
71.50 c5 0.50 0.83
72.00 g#4 0.47 0.85
72.00 d5 0.47 0.85
72.50 g4 0.16 0.55
72.66 a#4 0.16 0.55
72.83 d#5 0.16 0.55
73.00 g5 0.47 0.55
73.50 a4 0.25 0.55
73.75 a#4 0.25 0.55
74.00 b4 0.25 0.66
74.25 a#4 0.25 0.55
74.50 c#5 0.25 0.55
74.75 d5 0.25 0.55
75.00 g5 0.37 0.66
75.38 f5 0.12 0.55
75.50 f5 0.95 0.55
76.50 d#5 0.71 0.55
77.25 f5 0.24 0.55
77.50 d#5 0.08 0.55
77.58 f5 0.08 0.55
77.66 d#5 0.08 0.55
77.75 d5 0.24 0.55
78.00 d#5 0.24 0.55
78.25 f5 0.24 0.55
78.50 g5 0.24 0.55
78.75 b4 0.24 0.57
79.00 c5 0.24 0.59
79.25 c#5 0.25 0.61
79.50 c5 0.24 0.63
79.75 f5 0.25 0.65
80.00 e5 0.24 0.67
80.25 g#5 0.25 0.67
80.50 g5 0.24 0.67
80.75 c#6 0.25 0.67
81.00 c6 0.25 0.67
81.25 g5 0.25 0.67
81.50 a#5 1.42 0.67
83.00 g#5 0.95 0.67
84.00 g5 0.47 0.59
84.50 f5 0.11 0.51
84.62 g5 0.11 0.51
84.75 f5 0.11 0.51
84.88 g5 0.11 0.51
85.00 f5 0.11 0.51
85.12 g5 0.11 0.51
85.25 f5 0.11 0.51
85.37 g5 0.11 0.51
85.50 f5 0.11 0.51
85.62 g5 0.11 0.51
85.75 f5 0.11 0.51
85.87 g5 0.11 0.51
86.00 e5 0.12 0.51
86.12 f5 0.12 0.51
86.25 g5 0.12 0.51
86.50 g5 0.50 0.51
87.00 d5 0.47 0.51
87.50 d#5 1.42 0.51
89.00 c5 1.42 0.57
90.50 a#4 0.50 0.63
91.00 d6 0.47 0.63
91.50 c#6 0.50 0.63
92.00 c6 0.12 0.63
92.12 b5 0.12 0.63
92.25 a#5 0.12 0.63
92.38 a5 0.12 0.63
92.50 g#5 0.12 0.63
92.62 f5 0.12 0.63
92.75 d5 0.12 0.63
92.88 b4 0.12 0.76
93.00 a#4 0.12 0.63
93.12 d5 0.12 0.63
93.25 g5 0.08 0.63
93.33 f5 0.08 0.63
93.42 d#5 0.08 0.63
93.50 d#5 1.90 0.63
95.50 d5 0.47 0.63
96.00 d#5 0.47 0.63
96.50 f5 1.50 0.63
98.00 g5 1.00 0.63
99.00 f5 0.47 0.63
99.50 f5 1.50 0.63
101.00 c5 1.42 0.63
102.50 d#5 0.37 0.63
102.88 d#5 0.37 0.63
103.25 d#5 0.37 0.63
103.62 d#5 0.37 0.63
104.00 d#5 0.50 0.63
104.50 d5 0.25 0.63
104.75 d#5 0.25 0.63
105.00 f5 0.37 0.63
105.38 d#5 0.12 0.63
105.50 d#5 1.42 0.63
107.00 a#4 1.42 0.63
108.50 a#5 1.50 0.76
110.00 a5 0.95 0.76
111.00 g5 0.47 0.76
111.50 a4 1.42 0.76
111.50 f5 1.42 0.76
113.00 a#4 1.42 0.66
113.00 d5 1.42 0.66
114.50 g4 1.42 0.56
114.50 d#5 1.42 0.56
116.00 a4 0.25 0.56
116.00 d5 0.25 0.56
116.50 a4 0.25 0.56
116.50 c5 0.25 0.56
117.00 a4 0.25 0.56
117.00 d5 0.25 0.56
117.50 f4 0.50 0.56
117.50 a#4 0.50 0.56
118.00 f#4 0.50 0.58
118.00 b4 0.50 0.58
118.50 e4 0.50 0.61
118.50 b4 0.50 0.61
119.00 e4 0.50 0.64
119.00 a#4 0.50 0.64
119.00 c5 0.50 0.64
119.50 f4 0.50 0.66
119.50 a4 0.50 0.66
119.50 c5 0.50 0.66
120.00 g#4 0.47 0.69
120.00 d5 0.47 0.69
120.50 g4 0.16 0.72
120.66 a#4 0.16 0.72
120.83 d#5 0.16 0.72
121.00 g5 0.47 0.72
121.50 a4 0.25 0.72
121.75 a#4 0.25 0.72
122.00 b4 0.25 0.86
122.25 a#4 0.25 0.72
122.50 c#5 0.25 0.72
122.75 d5 0.25 0.72
123.00 g5 0.37 0.86
123.38 f5 0.12 0.72
123.50 f5 0.95 0.72
124.50 d#5 0.50 0.52
125.00 d#5 0.24 0.52
125.25 f5 0.24 0.54
125.50 d#5 0.06 0.56
125.56 f5 0.06 0.56
125.62 d#5 0.06 0.56
125.69 f5 0.06 0.56
125.75 d5 0.24 0.57
126.00 d#5 0.24 0.60
126.25 f5 0.25 0.61
126.50 g5 0.24 0.64
126.75 b4 0.24 0.64
127.00 c5 0.24 0.64
127.25 c#5 0.25 0.64
127.50 c5 0.24 0.64
127.75 f5 0.25 0.64
128.00 e5 0.24 0.64
128.25 g#5 0.25 0.64
128.50 g5 0.24 0.65
128.75 c#6 0.25 0.65
129.00 c6 0.25 0.65
129.25 g5 0.25 0.65
129.50 g5 0.06 0.66
129.56 a#5 1.36 0.66
131.00 g#5 0.95 0.69
132.00 g5 0.47 0.70
132.50 f5 0.11 0.72
132.62 g5 0.11 0.72
132.75 f5 0.11 0.72
132.88 g5 0.11 0.72
133.00 f5 0.11 0.72
133.12 g5 0.11 0.72
133.25 f5 0.11 0.72
133.37 g5 0.11 0.72
133.50 f5 0.11 0.72
133.62 g5 0.11 0.72
133.75 f5 0.11 0.72
133.87 g5 0.11 0.72
134.00 e5 0.12 0.72
134.12 f5 0.12 0.72
134.25 g5 0.08 0.72
134.50 g5 0.50 0.72
135.00 d5 0.47 0.72
135.50 d#5 1.42 0.72
137.00 c5 1.42 0.72
138.50 a#4 0.25 0.72
138.75 d6 0.50 0.72
139.25 c#6 0.25 0.72
139.50 c6 0.25 0.72
139.75 b5 0.25 0.72
140.00 a#5 0.25 0.72
140.25 a5 0.24 0.72
140.50 g#5 0.08 0.72
140.75 a4 0.08 0.72
140.83 a#4 0.08 0.72
140.92 c5 0.08 0.72
141.00 c#5 0.12 0.72
141.12 d5 0.12 0.72
141.25 g5 0.08 0.72
141.33 f5 0.08 0.72
141.42 d#5 0.08 0.72
141.50 d#5 2.85 0.72
144.50 d#5 1.42 0.47
146.00 f5 0.50 0.47
146.50 d#5 0.50 0.47
147.00 f5 0.50 0.47
147.50 g5 2.85 0.47
150.50 d#5 1.75 0.43
152.25 f5 0.25 0.43
152.50 d#5 0.25 0.43
152.75 f5 0.25 0.43
153.00 d#5 0.25 0.43
153.25 f5 0.25 0.43
153.50 g5 0.95 0.43
154.50 f5 0.12 0.43
154.62 d#5 0.12 0.43
154.75 d5 0.12 0.43
154.88 d#5 0.12 0.43
155.00 d#6 0.47 0.43
155.50 d6 0.47 0.43
156.00 c6 0.47 0.43
156.50 a#5 0.95 0.43
157.50 a5 0.50 0.43
158.00 g#5 0.47 0.43
158.50 c5 0.47 0.43
159.00 d5 0.47 0.43
159.50 d#5 0.47 0.43
160.00 f5 0.24 0.43
160.25 d#5 0.07 0.43
160.33 f5 0.07 0.43
160.41 d#5 0.08 0.43
160.50 d5 0.24 0.43
160.75 d#5 0.24 0.43
161.00 d#5 0.25 0.43
161.25 g6 0.24 0.43
161.50 f6 0.12 0.43
161.75 d#6 0.12 0.43
162.00 d6 0.12 0.43
162.25 c6 0.12 0.43
162.50 b5 0.50 0.43
163.00 a#5 0.50 0.43
163.50 a5 0.47 0.43
164.00 a5 0.25 0.43
164.25 g#5 0.24 0.43
164.50 g#5 0.25 0.43
164.75 g5 0.24 0.43
165.00 g5 0.37 0.43
165.38 f5 0.12 0.43
165.50 d#5 3.00 0.52
168.50 d#5 1.60 0.51
170.19 f5 0.19 0.51
170.38 d#5 0.19 0.51
170.56 f5 0.19 0.51
170.75 d#5 0.18 0.51
170.94 f5 0.19 0.51
171.12 d#5 0.18 0.59
171.31 f5 0.18 0.67
171.50 d#5 2.85 0.76
174.50 d#5 0.16 0.76
175.00 g#4 0.25 0.76
175.25 a#4 0.25 0.76
175.50 g#4 0.06 0.76
175.56 a#4 0.06 0.76
175.62 g#4 0.06 0.76
175.69 a#4 0.06 0.76
175.75 g4 0.25 0.76
176.00 g#4 0.25 0.76
176.25 b4 0.25 0.76
176.50 d#5 0.25 0.76
176.75 g#5 0.25 0.76
177.00 d#6 0.24 0.76
177.38 f6 0.12 0.76
177.50 g6 0.50 0.76
178.00 d#6 0.47 0.76
178.50 d#6 0.95 0.76
178.50 d#7 0.95 0.76
179.50 d6 0.47 0.68
179.50 d7 0.47 0.68
180.00 c6 0.47 0.68
180.00 c7 0.47 0.68
180.50 b5 0.47 0.68
180.50 b6 0.47 0.68
181.00 a#5 0.47 0.68
181.00 a#6 0.47 0.68
181.50 a5 0.47 0.68
181.50 a6 0.47 0.68
182.00 g#5 0.47 0.68
182.00 g#6 0.47 0.68
182.50 g5 0.47 0.68
182.50 g6 0.47 0.68
183.00 d5 0.47 0.68
183.00 d6 0.47 0.68
183.50 d#5 0.47 0.68
183.50 d#6 0.47 0.68
184.00 d#6 1.50 0.81
184.00 d#7 1.50 0.81
185.50 f5 0.47 0.68
185.50 f6 0.47 0.68
186.00 c6 0.47 0.68
186.00 c7 0.47 0.68
186.50 b5 2.01 1.00
186.50 b6 2.01 1.00
189.50 a#5 2.01 1.00
189.50 a#6 2.01 1.00
192.50 b6 0.20 0.88
192.71 a#6 0.20 0.88
192.93 c7 0.20 0.88
193.14 a6 0.20 0.88
193.36 b6 0.17 0.88
193.54 a#6 0.17 0.88
193.73 c7 0.17 0.89
193.92 a6 0.17 0.90
194.11 b6 0.12 0.91
194.23 a#6 0.12 0.91
194.36 c7 0.12 0.91
194.48 a6 0.12 0.92
194.61 b6 0.12 0.93
194.73 a#6 0.12 0.93
194.86 c7 0.12 0.94
194.98 a6 0.12 0.94
195.11 b6 0.10 0.95
195.21 a#6 0.10 0.95
195.32 c7 0.10 0.96
195.43 a6 0.10 0.97
195.54 b6 0.10 0.98
195.64 a#6 0.10 0.98
195.75 c7 0.10 0.98
195.86 a6 0.10 0.99
195.96 b6 0.10 1.00
196.07 a#6 0.10 1.00
196.18 c7 0.10 1.00
196.29 a6 0.10 1.00
196.39 b6 0.09 1.00
196.49 a#6 0.09 1.00
196.58 c7 0.09 1.00
196.67 a6 0.09 1.00
196.77 b6 0.09 1.00
196.86 a#6 0.09 1.00
196.96 c7 0.09 1.00
197.05 a6 0.09 1.00
197.14 b6 0.09 1.00
197.24 a#6 0.09 1.00
197.33 c7 0.09 1.00
197.42 a6 0.09 1.00
197.52 b6 0.09 1.00
197.61 a#6 0.09 0.94
197.71 c7 0.09 0.89
197.80 a6 0.09 0.83
197.89 b6 0.09 0.78
197.99 a#6 0.09 0.72
198.08 c7 0.09 0.67
198.17 a6 0.09 0.61
198.27 b6 0.14 0.61
198.42 a#6 0.14 0.61
198.57 d7 0.14 0.61
198.72 c7 0.14 0.61
198.87 a#6 0.14 0.61
199.02 a6 0.14 0.61
199.17 g#6 0.14 0.61
199.32 g6 0.14 0.61
199.47 f6 0.21 0.61
199.68 d6 0.21 0.61
199.90 d#6 0.21 0.61
200.11 c6 0.21 0.61
200.33 a#5 0.37 0.61
200.70 g#5 0.37 0.61
201.08 c5 0.37 0.61
201.45 d5 0.35 0.61
201.83 g4 0.50 0.47
201.83 d#5 0.50 0.47
202.33 a#4 0.50 0.47
202.83 g5 0.50 0.47
203.33 g4 0.50 0.47
203.33 d#5 0.50 0.47
203.83 a#4 0.50 0.47
204.33 g5 0.50 0.47
204.83 g4 0.50 0.47
204.83 d#5 0.50 0.47
205.33 a#4 0.50 0.47
205.83 g5 0.50 0.47
206.33 g4 0.50 0.47
206.33 d#5 0.50 0.47
206.83 a#4 0.50 0.47
207.33 g5 0.47 0.47
207.83 g4 1.42 0.43
207.83 d#5 1.42 0.43
209.33 g5 1.42 0.43
209.33 d#6 1.42 0.43
210.83 g3 8.54 0.43
210.83 d#4 8.54 0.43
end

# Instrument: 

part
num_notes 775
0.50 d#2 0.25 0.51
1.00 g3 0.50 0.51
1.00 d#4 0.50 0.51
1.50 a#3 0.47 0.51
1.50 d#4 0.47 0.51
1.50 g4 0.47 0.51
2.00 d#3 0.25 0.51
2.50 g#3 0.50 0.51
2.50 d4 0.50 0.51
3.00 b3 0.47 0.51
3.00 d4 0.47 0.51
3.00 g#4 0.47 0.51
3.50 d#2 0.25 0.51
4.00 g3 0.50 0.51
4.00 d#4 0.50 0.51
4.50 a#3 0.47 0.51
4.50 d#4 0.47 0.51
4.50 g4 0.47 0.51
5.00 d2 0.25 0.51
5.50 g3 0.50 0.51
5.50 d#4 0.50 0.51
6.00 a#3 0.47 0.51
6.00 d#4 0.47 0.51
6.00 g4 0.47 0.51
6.50 c2 0.47 0.51
7.00 g3 0.47 0.53
7.00 e4 0.47 0.53
7.50 a#3 0.47 0.54
7.50 e4 0.47 0.54
7.50 g4 0.47 0.54
8.00 c3 0.47 0.56
8.50 g3 0.47 0.57
8.50 e4 0.47 0.57
9.00 c4 0.47 0.59
9.00 e4 0.47 0.59
9.00 a#4 0.47 0.59
9.50 f2 0.47 0.59
10.00 f3 0.47 0.59
10.00 c#4 0.47 0.59
10.50 a#3 0.47 0.59
10.50 c#4 0.47 0.59
10.50 e4 0.47 0.59
11.00 f2 0.47 0.59
11.50 f3 0.47 0.59
11.50 c4 0.47 0.59
12.00 g#3 0.47 0.59
12.00 c4 0.47 0.59
12.00 f4 0.47 0.59
12.50 a#2 0.47 0.59
13.00 f3 0.47 0.59
13.00 d4 0.47 0.59
13.50 a#3 0.47 0.59
13.50 d4 0.47 0.59
13.50 g#4 0.47 0.59
14.00 b2 0.47 0.59
14.50 g3 0.47 0.59
14.50 f4 0.47 0.59
15.00 d4 0.47 0.59
15.00 f4 0.47 0.59
15.00 g4 0.47 0.59
15.50 c3 0.47 0.59
16.00 g3 0.47 0.59
16.00 d#4 0.47 0.59
16.50 c4 0.47 0.59
16.50 d#4 0.47 0.59
16.50 g4 0.47 0.59
17.00 a2 0.47 0.59
17.50 f#3 0.47 0.59
17.50 d#4 0.47 0.59
18.00 c4 0.47 0.59
18.00 d#4 0.47 0.59
18.00 f#4 0.47 0.59
18.50 a#2 0.47 0.59
19.00 f3 0.47 0.59
19.00 d#4 0.47 0.59
19.50 a#3 0.47 0.59
19.50 d#4 0.47 0.59
19.50 g#4 0.47 0.59
20.00 a#1 0.47 0.59
20.50 f3 0.47 0.59
20.50 d4 0.47 0.59
21.00 a#3 0.47 0.59
21.00 g#4 0.47 0.59
21.50 d#2 0.47 0.59
22.00 g3 0.47 0.59
22.00 d#4 0.47 0.59
22.50 a#3 0.47 0.59
22.50 d#4 0.47 0.59
22.50 g4 0.47 0.59
23.00 d#3 0.47 0.59
23.50 g3 0.47 0.59
23.50 d#4 0.47 0.59
24.00 a#3 0.47 0.59
24.00 d#4 0.47 0.59
24.00 g4 0.47 0.59
24.50 d#3 0.47 0.51
25.00 g3 0.47 0.51
25.00 d#4 0.47 0.51
25.50 a#3 0.47 0.51
25.50 d#4 0.47 0.51
25.50 g4 0.47 0.51
26.00 d#3 0.47 0.51
26.50 g#3 0.47 0.51
26.50 d4 0.47 0.51
27.00 b3 0.47 0.51
27.00 d4 0.47 0.51
27.00 g#4 0.47 0.51
27.50 d#3 0.47 0.51
28.00 g3 0.47 0.51
28.00 d#4 0.47 0.51
28.50 a#3 0.47 0.51
28.50 d#4 0.47 0.51
28.50 g4 0.47 0.51
29.00 d3 0.47 0.51
29.50 g3 0.47 0.51
29.50 d#4 0.47 0.51
30.00 a#3 0.47 0.51
30.00 d#4 0.47 0.51
30.00 g4 0.47 0.51
30.50 c3 0.47 0.51
31.00 g3 0.47 0.54
31.00 e4 0.47 0.54
31.50 a#3 0.47 0.56
31.50 e4 0.47 0.56
31.50 g4 0.47 0.56
32.00 c3 0.47 0.59
32.50 g3 0.47 0.61
32.50 e4 0.47 0.61
33.00 c4 0.47 0.64
33.00 e4 0.47 0.64
33.00 a#4 0.47 0.64
33.50 f2 0.47 0.67
34.00 f3 0.47 0.63
34.00 c#4 0.47 0.63
34.50 a#3 0.47 0.59
34.50 c#4 0.47 0.59
34.50 e4 0.47 0.59
35.00 f2 0.47 0.55
35.50 f3 0.47 0.55
35.50 c4 0.47 0.55
36.00 g#3 0.47 0.55
36.00 c4 0.47 0.55
36.00 f4 0.47 0.55
36.50 a#2 0.47 0.55
37.00 f3 0.47 0.55
37.00 d4 0.47 0.55
37.50 a#3 0.47 0.55
37.50 d4 0.47 0.55
37.50 g#4 0.47 0.55
38.00 b2 0.47 0.55
38.50 g3 0.47 0.55
38.50 f4 0.47 0.55
39.00 d4 0.47 0.55
39.00 f4 0.47 0.55
39.00 g4 0.47 0.55
39.50 c3 0.47 0.55
40.00 g3 0.47 0.55
40.00 d#4 0.47 0.55
40.50 c4 0.47 0.55
40.50 d#4 0.47 0.55
40.50 g4 0.47 0.55
41.00 a2 0.47 0.55
41.50 f#3 0.47 0.55
41.50 d#4 0.47 0.55
42.00 c4 0.47 0.55
42.00 d#4 0.47 0.55
42.00 f#4 0.47 0.55
42.50 a#2 0.47 0.55
43.00 f3 0.47 0.55
43.00 d#4 0.47 0.55
43.50 a#3 0.47 0.55
43.50 d#4 0.47 0.55
43.50 g#4 0.47 0.55
44.00 a#1 0.47 0.55
44.50 f3 0.47 0.55
44.50 d4 0.47 0.55
45.00 a#3 0.47 0.55
45.00 g#4 0.47 0.55
45.50 d#2 0.47 0.55
46.00 g3 0.47 0.55
46.00 d#4 0.47 0.55
46.50 a#3 0.47 0.55
46.50 d#4 0.47 0.55
46.50 g4 0.47 0.55
47.00 d#3 0.47 0.55
47.50 g3 0.47 0.55
47.50 d#4 0.47 0.55
48.00 a#3 0.47 0.55
48.00 d#4 0.47 0.55
48.00 g4 0.47 0.55
48.50 a#2 0.47 0.47
49.00 f3 0.50 0.47
49.00 d4 0.50 0.47
49.50 a#3 0.47 0.47
49.50 d4 0.47 0.47
49.50 f4 0.47 0.47
50.00 a#2 0.47 0.47
50.50 f3 0.50 0.47
50.50 d4 0.50 0.47
51.00 a#3 0.47 0.47
51.00 d4 0.47 0.47
51.00 f4 0.47 0.47
51.50 a2 0.47 0.43
52.00 f3 0.50 0.43
52.00 c4 0.50 0.43
52.50 c4 0.47 0.43
52.50 f4 0.47 0.43
53.00 a2 0.47 0.43
53.50 f3 0.50 0.43
53.50 c4 0.50 0.43
54.00 c4 0.47 0.43
54.00 f4 0.47 0.43
54.50 g#2 0.47 0.43
55.00 d#3 0.47 0.43
55.00 c4 0.47 0.43
55.50 g#3 0.47 0.43
55.50 c4 0.47 0.43
55.50 d#4 0.47 0.43
56.00 g#1 0.47 0.43
56.50 d#3 0.47 0.43
56.50 b3 0.47 0.43
57.00 g#3 0.47 0.43
57.00 b3 0.47 0.43
57.00 d#4 0.47 0.43
57.50 d#2 0.47 0.43
58.00 g3 0.50 0.43
58.00 d#4 0.50 0.43
58.50 a#3 0.47 0.43
58.50 d#4 0.47 0.43
58.50 g4 0.47 0.43
59.00 d#3 0.47 0.43
59.50 g3 0.50 0.43
59.50 d#4 0.50 0.43
60.00 a#3 0.47 0.43
60.00 d#4 0.47 0.43
60.00 g4 0.47 0.43
60.50 e2 0.47 0.76
61.00 e3 0.47 0.76
61.00 c#4 0.47 0.76
61.50 a#3 0.47 0.76
61.50 c#4 0.47 0.76
61.50 g4 0.47 0.76
62.00 e2 0.47 0.76
62.50 e3 0.47 0.76
62.50 c4 0.47 0.76
63.00 a#3 0.47 0.76
63.00 c4 0.47 0.76
63.00 g4 0.47 0.76
63.50 f2 0.47 0.76
64.00 f3 0.47 0.76
64.00 d#4 0.47 0.76
64.50 c4 0.47 0.76
64.50 d#4 0.47 0.76
64.50 a4 0.47 0.76
65.00 g2 0.47 0.76
65.50 g3 0.47 0.76
65.50 d4 0.47 0.76
66.00 a#3 0.47 0.76
66.00 d4 0.47 0.76
66.00 a#4 0.47 0.76
66.50 c2 0.47 0.76
67.00 g3 0.47 0.76
67.00 d#4 0.47 0.76
67.50 c4 0.47 0.76
67.50 d#4 0.47 0.76
67.50 g4 0.47 0.76
68.00 f2 0.47 0.76
68.50 f3 0.47 0.76
68.50 d#4 0.47 0.76
69.00 c4 0.47 0.76
69.00 d#4 0.47 0.76
69.00 f4 0.47 0.76
69.50 a#3 0.47 0.76
69.50 d4 0.47 0.76
70.00 a3 0.47 0.76
70.00 d#4 0.47 0.76
70.50 g#3 0.47 0.78
71.00 g3 0.47 0.80
71.50 f3 0.47 0.83
71.50 c4 0.47 0.83
71.50 d#4 0.47 0.83
72.00 a#3 0.47 0.85
72.00 f4 0.47 0.85
72.50 d#2 0.47 0.55
73.00 g3 0.47 0.55
73.00 d#4 0.47 0.55
73.50 a#3 0.47 0.55
73.50 d#4 0.47 0.55
73.50 g4 0.47 0.55
74.00 d#3 0.47 0.55
74.50 g#3 0.47 0.55
74.50 d4 0.47 0.55
75.00 a#3 0.47 0.55
75.00 d4 0.47 0.55
75.00 g#4 0.47 0.55
75.50 d#3 0.47 0.55
76.00 g3 0.47 0.55
76.00 d#4 0.47 0.55
76.50 a#3 0.47 0.55
76.50 d#4 0.47 0.55
76.50 g4 0.47 0.55
77.00 d3 0.47 0.55
77.50 g3 0.47 0.55
77.50 d#4 0.47 0.55
78.00 a#3 0.47 0.55
78.00 d#4 0.47 0.55
78.00 g4 0.47 0.55
78.50 c3 0.47 0.55
79.00 g3 0.47 0.59
79.00 e4 0.47 0.59
79.50 a#3 0.47 0.63
79.50 e4 0.47 0.63
79.50 g4 0.47 0.63
80.00 c3 0.47 0.67
80.50 g3 0.47 0.67
80.50 e4 0.47 0.67
81.00 c4 0.47 0.67
81.00 e4 0.47 0.67
81.00 a#4 0.47 0.67
81.50 f2 0.47 0.67
82.00 f3 0.47 0.67
82.00 c#4 0.47 0.67
82.50 a#3 0.47 0.67
82.50 c#4 0.47 0.67
82.50 e4 0.47 0.67
83.00 f2 0.47 0.67
83.50 f3 0.47 0.63
83.50 c4 0.47 0.63
84.00 g#3 0.47 0.59
84.00 c4 0.47 0.59
84.00 f4 0.47 0.59
84.50 a#2 0.47 0.51
85.00 f3 0.47 0.51
85.00 d4 0.47 0.51
85.50 a#3 0.47 0.51
85.50 d4 0.47 0.51
85.50 g#4 0.47 0.51
86.00 b2 0.47 0.51
86.50 g3 0.47 0.51
86.50 f4 0.47 0.51
87.00 d4 0.47 0.51
87.00 f4 0.47 0.51
87.00 g4 0.47 0.51
87.50 c3 0.47 0.51
88.00 g3 0.47 0.53
88.00 d#4 0.47 0.53
88.50 c4 0.47 0.55
88.50 d#4 0.47 0.55
88.50 g4 0.47 0.55
89.00 a2 0.47 0.57
89.50 f#3 0.47 0.59
89.50 d#4 0.47 0.59
90.00 c4 0.47 0.61
90.00 d#4 0.47 0.61
90.00 f#4 0.47 0.61
90.50 a#2 0.47 0.63
91.00 f3 0.47 0.63
91.00 d#4 0.47 0.63
91.50 a#3 0.47 0.63
91.50 d#4 0.47 0.63
91.50 g#4 0.47 0.63
92.00 a#1 0.47 0.63
92.50 f3 0.47 0.63
92.50 d4 0.47 0.63
93.00 a#3 0.47 0.63
93.00 d4 0.47 0.63
93.00 g#4 0.47 0.63
93.50 d#2 0.47 0.63
94.00 g3 0.47 0.63
94.00 d#4 0.47 0.63
94.50 a#3 0.47 0.63
94.50 d#4 0.47 0.63
94.50 g4 0.47 0.63
95.00 d#3 0.47 0.63
95.50 g3 0.47 0.63
95.50 d#4 0.47 0.63
96.00 a#3 0.47 0.63
96.00 d#4 0.47 0.63
96.00 g4 0.47 0.63
96.50 a#2 0.47 0.63
97.00 f3 0.47 0.63
97.00 d4 0.47 0.63
97.50 a#3 0.47 0.63
97.50 d4 0.47 0.63
97.50 f4 0.47 0.63
98.00 a#2 0.47 0.63
98.50 f3 0.47 0.63
98.50 d4 0.47 0.63
99.00 a#3 0.47 0.63
99.00 d4 0.47 0.63
99.00 f4 0.47 0.63
99.50 a2 0.47 0.63
100.00 f3 0.47 0.63
100.00 c4 0.47 0.63
100.50 c4 0.47 0.63
100.50 f4 0.47 0.63
101.00 a2 0.47 0.63
101.50 f3 0.47 0.63
101.50 c4 0.47 0.63
102.00 c4 0.47 0.63
102.00 f4 0.47 0.63
102.50 g#2 0.47 0.63
103.00 d#3 0.47 0.63
103.00 c4 0.47 0.63
103.50 g#3 0.47 0.63
103.50 c4 0.47 0.63
103.50 d#4 0.47 0.63
104.00 g#1 0.47 0.63
104.50 d#3 0.47 0.63
104.50 b3 0.47 0.63
105.00 g#3 0.47 0.63
105.00 b3 0.47 0.63
105.00 d#4 0.47 0.63
105.50 d#2 0.47 0.63
105.50 d#3 0.47 0.63
106.00 g3 0.47 0.63
106.00 d#4 0.47 0.63
106.50 a#3 0.47 0.63
106.50 d#4 0.47 0.63
106.50 g4 0.47 0.63
107.00 d#2 0.47 0.63
107.00 d#3 0.47 0.63
107.50 g3 0.47 0.67
107.50 d#4 0.47 0.67
108.00 a#3 0.47 0.71
108.00 d#4 0.47 0.71
108.00 g4 0.47 0.71
108.50 e2 0.47 0.76
109.00 e3 0.47 0.76
109.00 c#4 0.47 0.76
109.50 a#3 0.47 0.76
109.50 c#4 0.47 0.76
109.50 g4 0.47 0.76
110.00 e2 0.47 0.76
110.50 e3 0.47 0.76
110.50 c4 0.47 0.76
111.00 a#3 0.47 0.76
111.00 c4 0.47 0.76
111.00 g4 0.47 0.76
111.50 f2 0.47 0.76
112.00 f3 0.47 0.72
112.00 d#4 0.47 0.72
112.50 c4 0.47 0.69
112.50 d#4 0.47 0.69
112.50 a4 0.47 0.69
113.00 g2 0.47 0.66
113.50 g3 0.47 0.63
113.50 d4 0.47 0.63
114.00 a#3 0.47 0.60
114.00 d4 0.47 0.60
114.00 a#4 0.47 0.60
114.50 c2 0.47 0.56
115.00 g3 0.47 0.56
115.00 d#4 0.47 0.56
115.50 c4 0.47 0.56
115.50 d#4 0.47 0.56
115.50 g4 0.47 0.56
116.00 f2 0.47 0.56
116.50 f3 0.47 0.56
116.50 d#4 0.47 0.56
117.00 c4 0.47 0.56
117.00 d#4 0.47 0.56
117.00 f4 0.47 0.56
117.50 a#3 0.47 0.56
117.50 d4 0.47 0.56
118.00 a3 0.47 0.58
118.00 d#4 0.47 0.58
118.50 g#3 0.47 0.61
119.00 g3 0.47 0.64
119.50 f3 0.47 0.66
119.50 c4 0.47 0.66
119.50 d#4 0.47 0.66
120.00 a#3 0.47 0.69
120.00 f4 0.47 0.69
120.50 d#2 0.25 0.72
121.00 g3 0.47 0.72
121.00 d#4 0.47 0.72
121.50 a#3 0.47 0.72
121.50 d#4 0.47 0.72
121.50 g4 0.47 0.72
122.00 d#3 0.25 0.72
122.50 g#3 0.47 0.72
122.50 d4 0.47 0.72
123.00 a#3 0.47 0.72
123.00 d4 0.47 0.72
123.00 g#4 0.47 0.72
123.50 d#3 0.25 0.72
124.00 g3 0.47 0.62
124.00 d#4 0.47 0.62
124.50 a#3 0.47 0.52
124.50 d#4 0.47 0.52
124.50 g4 0.47 0.52
125.00 d3 0.47 0.52
125.50 g3 0.47 0.56
125.50 d#4 0.47 0.56
126.00 a#3 0.47 0.60
126.00 d#4 0.47 0.60
126.00 g4 0.47 0.60
126.50 c3 0.25 0.64
127.00 g3 0.47 0.64
127.00 e4 0.47 0.64
127.50 a#3 0.47 0.64
127.50 e4 0.47 0.64
127.50 g4 0.47 0.64
128.00 c3 0.25 0.64
128.50 g3 0.47 0.65
128.50 e4 0.47 0.65
129.00 c4 0.47 0.65
129.00 e4 0.47 0.65
129.00 a#4 0.47 0.65
129.50 f2 0.47 0.66
130.00 f3 0.47 0.67
130.00 c#4 0.47 0.67
130.50 a#3 0.47 0.68
130.50 c#4 0.47 0.68
130.50 e4 0.47 0.68
131.00 f2 0.47 0.69
131.50 f3 0.47 0.69
131.50 c4 0.47 0.69
132.00 g#3 0.47 0.70
132.00 c4 0.47 0.70
132.00 f4 0.47 0.70
132.50 a#2 0.47 0.72
133.00 f3 0.47 0.72
133.00 d4 0.47 0.72
133.50 a#3 0.47 0.72
133.50 d4 0.47 0.72
133.50 g#4 0.47 0.72
134.00 b2 0.47 0.72
134.50 g3 0.47 0.72
134.50 f4 0.47 0.72
135.00 d4 0.47 0.72
135.00 f4 0.47 0.72
135.00 g4 0.47 0.72
135.50 c3 0.47 0.72
136.00 g3 0.47 0.72
136.00 d#4 0.47 0.72
136.50 c4 0.47 0.72
136.50 d#4 0.47 0.72
136.50 g4 0.47 0.72
137.00 a2 0.47 0.72
137.50 f#3 0.47 0.72
137.50 d#4 0.47 0.72
138.00 c4 0.47 0.72
138.00 d#4 0.47 0.72
138.00 f#4 0.47 0.72
138.50 a#2 0.47 0.72
139.00 f3 0.47 0.72
139.00 d#4 0.47 0.72
139.50 a#3 0.47 0.72
139.50 d#4 0.47 0.72
139.50 g#4 0.47 0.72
140.00 a#1 0.47 0.72
140.50 f3 0.47 0.72
140.50 d4 0.47 0.72
141.00 a#3 0.47 0.72
141.00 d4 0.47 0.72
141.00 g#4 0.47 0.72
141.50 d#2 0.47 0.72
142.00 g3 0.47 0.72
142.00 d#4 0.47 0.72
142.50 a#3 0.47 0.72
142.50 d#4 0.47 0.72
142.50 g4 0.47 0.72
143.00 d#3 0.47 0.72
143.50 g3 0.47 0.72
143.50 d#4 0.47 0.72
144.00 a#3 0.47 0.72
144.00 d#4 0.47 0.72
144.00 g4 0.47 0.72
144.50 d#2 0.47 0.47
145.00 g#3 0.47 0.47
145.00 b3 0.47 0.47
145.00 d#4 0.47 0.47
145.50 b3 0.47 0.47
145.50 d#4 0.47 0.47
145.50 g#4 0.47 0.47
146.00 d#3 0.47 0.47
146.50 g#3 0.47 0.47
146.50 b3 0.47 0.47
146.50 d#4 0.47 0.47
147.00 b3 0.47 0.47
147.00 d#4 0.47 0.47
147.00 g#4 0.47 0.47
147.50 d#2 0.47 0.47
148.00 g3 0.47 0.47
148.00 d#4 0.47 0.47
148.50 a#3 0.47 0.47
148.50 d#4 0.47 0.47
148.50 g4 0.47 0.47
149.00 d#3 0.47 0.47
149.50 g3 0.47 0.47
149.50 d#4 0.47 0.47
150.00 a#3 0.47 0.47
150.00 d#4 0.47 0.47
150.00 g4 0.47 0.47
150.50 d#2 0.47 0.43
151.00 g#3 0.47 0.43
151.00 b3 0.47 0.43
151.00 d#4 0.47 0.43
151.50 b3 0.47 0.43
151.50 d#4 0.47 0.43
151.50 g#4 0.47 0.43
152.00 d#3 0.47 0.43
152.50 g#3 0.47 0.43
152.50 b3 0.47 0.43
152.50 d#4 0.47 0.43
153.00 b3 0.47 0.43
153.00 d#4 0.47 0.43
153.00 g#4 0.47 0.43
153.50 d#2 0.47 0.43
154.00 g3 0.47 0.43
154.00 a#3 0.47 0.43
154.00 d#4 0.47 0.43
154.50 a#3 0.47 0.43
154.50 d#4 0.47 0.43
154.50 g4 0.47 0.43
155.00 d#3 0.47 0.43
155.50 g3 0.47 0.43
155.50 d#4 0.47 0.43
156.00 a#3 0.47 0.43
156.00 d#4 0.47 0.43
156.00 g4 0.47 0.43
156.50 d#3 0.47 0.43
157.00 f3 0.47 0.43
157.00 d4 0.47 0.43
157.50 a#3 0.47 0.43
157.50 g#4 0.47 0.43
158.00 d#3 0.47 0.43
158.50 f3 0.47 0.43
158.50 d4 0.47 0.43
159.00 a#3 0.47 0.43
159.00 g#4 0.47 0.43
159.50 d#3 0.47 0.43
160.00 g3 0.47 0.43
160.00 d#4 0.47 0.43
160.50 a#3 0.47 0.43
160.50 g4 0.47 0.43
161.00 a2 0.47 0.43
161.50 f3 0.47 0.43
161.50 d#4 0.47 0.43
162.00 c4 0.47 0.43
162.00 d#4 0.47 0.43
162.00 f4 0.47 0.43
162.50 a#2 0.47 0.43
163.00 f3 0.47 0.43
163.00 d#4 0.47 0.43
163.50 a#3 0.47 0.43
163.50 d#4 0.47 0.43
163.50 g#4 0.47 0.43
164.00 a#1 0.47 0.43
164.50 f3 0.47 0.43
164.50 d4 0.47 0.43
165.00 a#3 0.47 0.43
165.00 d4 0.47 0.43
165.00 g#4 0.47 0.43
165.50 d#2 0.47 0.43
166.00 g3 0.47 0.43
166.00 d#4 0.47 0.43
166.50 a#3 0.47 0.43
166.50 d#4 0.47 0.43
166.50 g4 0.47 0.43
167.00 d#3 0.47 0.43
167.50 g3 0.47 0.43
167.50 d#4 0.47 0.43
168.00 a#3 0.47 0.43
168.00 d#4 0.47 0.43
168.00 g4 0.47 0.43
168.50 g#1 0.47 0.51
169.00 d#3 0.47 0.51
169.00 g#3 0.47 0.51
169.00 b3 0.47 0.51
169.50 g#3 0.47 0.51
169.50 b3 0.47 0.51
169.50 d#4 0.47 0.51
170.00 b3 0.47 0.51
170.00 d#4 0.47 0.51
170.00 g#4 0.47 0.51
170.50 g#3 0.47 0.51
170.50 b3 0.47 0.51
170.50 d#4 0.47 0.51
171.00 d#3 0.47 0.54
171.00 g#3 0.47 0.54
171.00 b3 0.47 0.54
171.50 d#2 0.47 0.76
172.00 g3 0.47 0.76
172.00 d#4 0.47 0.76
172.50 a#3 0.47 0.76
172.50 d#4 0.47 0.76
172.50 g4 0.47 0.76
173.00 d#3 0.47 0.76
173.50 g3 0.47 0.76
173.50 d#4 0.47 0.76
174.00 a#3 0.47 0.76
174.00 d#4 0.47 0.76
174.00 g4 0.47 0.76
174.50 g#1 0.47 0.76
175.00 d#3 0.47 0.76
175.00 g#3 0.47 0.76
175.50 g#3 0.47 0.76
175.50 b3 0.47 0.76
175.50 d#4 0.47 0.76
176.00 b3 0.47 0.76
176.00 d#4 0.47 0.76
176.00 g#4 0.47 0.76
176.50 g#3 0.47 0.76
176.50 b3 0.47 0.76
176.50 d#4 0.47 0.76
177.00 d#3 0.47 0.76
177.00 g#3 0.47 0.76
177.00 b3 0.47 0.76
177.50 d#2 0.47 0.76
178.00 g3 0.47 0.76
178.00 d#4 0.47 0.76
178.50 a#3 0.47 0.76
178.50 d#4 0.47 0.76
178.50 g4 0.47 0.76
179.00 a2 0.47 0.72
179.50 g3 0.47 0.68
179.50 d#4 0.47 0.68
180.00 c4 0.47 0.68
180.00 d#4 0.47 0.68
180.00 f4 0.47 0.68
180.50 a#2 0.47 0.68
181.00 f3 0.47 0.68
181.00 a#3 0.47 0.68
181.00 d#4 0.47 0.68
181.50 a#3 0.47 0.68
181.50 d#4 0.47 0.68
181.50 g#4 0.47 0.68
182.00 b2 0.47 0.68
182.50 g3 0.47 0.68
182.50 f4 0.47 0.68
183.00 d4 0.47 0.68
183.00 f4 0.47 0.68
183.00 g4 0.47 0.68
183.50 c3 0.47 0.68
184.00 g3 0.47 0.68
184.00 d#4 0.47 0.68
184.50 c4 0.47 0.68
184.50 g4 0.47 0.68
185.00 a2 0.47 0.68
185.50 f3 0.47 0.68
185.50 c4 0.47 0.68
185.50 d#4 0.47 0.68
186.00 c4 0.47 0.68
186.00 d#4 0.47 0.68
186.00 f4 0.47 0.68
186.50 a#1 0.35 0.88
186.88 a#2 0.35 0.88
187.25 f3 0.35 0.88
187.62 g#3 0.35 0.88
188.00 d4 0.35 0.88
188.38 a#3 0.35 0.88
188.75 f4 0.35 0.88
189.12 g#4 0.35 0.88
189.50 d5 2.85 0.88
201.83 d#2 0.50 0.47
202.33 a#3 0.50 0.47
202.83 a#2 0.50 0.47
203.33 d#3 0.50 0.47
203.83 a#3 0.50 0.47
204.33 a#2 0.47 0.47
204.83 d#2 0.50 0.47
205.33 a#3 0.50 0.47
205.83 a#2 0.50 0.47
206.33 d#3 0.50 0.47
206.83 a#3 0.50 0.47
207.33 a#2 0.50 0.47
207.83 d#3 1.42 0.43
207.83 a#3 1.42 0.43
209.33 d#4 1.42 0.43
209.33 a#4 1.42 0.43
210.83 d#2 8.54 0.43
210.83 a#2 8.54 0.43
end
