# Outputted with MidiToZac v0.2
# Start of Music
bpm 60

num_parts 2

# Instrument: 

part
num_notes 1033
0.00 b5 0.11 0.63
0.00 b4 0.11 0.63
0.23 f#5 0.11 0.63
0.45 b5 0.45 0.63
0.45 b4 0.45 0.63
0.91 b5 0.11 0.63
0.91 b4 0.11 0.63
1.14 g5 0.11 0.63
1.36 b5 0.45 0.63
1.36 b4 0.45 0.63
1.82 b5 0.11 0.63
2.05 b4 0.11 0.63
2.27 d#5 0.11 0.63
2.50 f#5 0.11 0.63
2.73 b5 0.11 0.63
3.64 e6 0.11 0.63
4.09 e5 0.11 0.39
4.09 e4 0.11 0.39
4.32 f#5 0.11 0.39
4.32 f#4 0.11 0.39
4.55 g5 0.11 0.39
4.55 g4 0.11 0.39
5.00 b5 0.11 0.39
5.00 b4 0.11 0.39
5.45 c6 0.11 0.39
5.45 c5 0.11 0.39
5.91 e6 0.11 0.39
5.91 e5 0.11 0.39
6.36 b5 0.91 0.39
6.36 b4 0.91 0.39
7.27 a5 0.11 0.39
7.39 a4 0.11 0.39
7.50 e5 0.11 0.39
7.61 f#5 0.11 0.39
7.73 c6 0.45 0.39
8.18 g5 0.11 0.39
8.30 g4 0.11 0.39
8.41 e5 0.11 0.39
8.52 g5 0.11 0.39
8.64 b5 0.45 0.39
9.09 f#5 0.11 0.39
9.20 f#4 0.11 0.39
9.32 d#5 0.11 0.39
9.43 f#5 0.11 0.39
9.55 b5 0.45 0.39
10.00 g5 0.11 0.39
10.00 g4 0.11 0.39
10.23 f#5 0.11 0.39
10.23 f#4 0.11 0.39
10.45 e5 0.45 0.39
10.45 e4 0.45 0.39
10.91 e6 0.11 0.39
11.36 e5 0.11 0.39
11.36 e4 0.11 0.39
11.59 f#5 0.11 0.39
11.59 f#4 0.11 0.39
11.82 g5 0.11 0.39
11.82 g4 0.11 0.39
12.27 b5 0.11 0.39
12.27 b4 0.11 0.39
12.73 c6 0.11 0.39
12.73 c5 0.11 0.39
13.18 e6 0.11 0.39
13.18 e5 0.11 0.39
13.64 b5 0.91 0.39
13.64 b4 0.91 0.39
14.55 b5 0.11 0.63
14.55 b4 0.11 0.63
14.77 a#5 0.11 0.63
14.77 a#4 0.11 0.63
15.00 b5 0.11 0.63
15.00 b4 0.11 0.63
15.23 c#6 0.11 0.63
15.23 c#5 0.11 0.63
15.45 d6 0.11 0.63
15.45 d5 0.11 0.63
15.68 c#6 0.11 0.63
15.68 c#5 0.11 0.63
15.91 d6 0.11 0.63
15.91 d5 0.11 0.63
16.14 e6 0.11 0.63
16.14 e5 0.11 0.63
16.36 f#6 0.11 0.76
16.36 f#5 0.11 0.76
16.82 c#6 0.11 0.76
16.82 c#5 0.11 0.76
17.05 f#6 0.11 0.76
17.05 f#5 0.11 0.76
17.27 b5 0.11 0.76
17.27 b4 0.11 0.76
17.73 b5 0.11 0.76
17.78 d6 0.11 0.76
17.84 f#6 0.11 0.76
17.90 b6 0.11 0.76
18.18 e6 0.11 0.63
18.64 e5 0.11 0.39
18.64 e4 0.11 0.39
18.86 f#5 0.11 0.39
18.86 f#4 0.11 0.39
19.09 g5 0.11 0.39
19.09 g4 0.11 0.39
19.55 b5 0.11 0.39
19.55 b4 0.11 0.39
20.00 c6 0.11 0.39
20.00 c5 0.11 0.39
20.45 e6 0.11 0.39
20.45 e5 0.11 0.39
20.91 b5 0.91 0.39
20.91 b4 0.91 0.39
21.82 a5 0.11 0.39
21.93 a4 0.11 0.39
22.05 e5 0.11 0.39
22.16 f#5 0.11 0.39
22.27 c6 0.45 0.39
22.73 g5 0.11 0.39
22.84 g4 0.11 0.39
22.95 e5 0.11 0.39
23.07 g5 0.11 0.39
23.18 b5 0.45 0.39
23.64 f#5 0.11 0.39
23.75 f#4 0.11 0.39
23.86 d#5 0.11 0.39
23.98 f#5 0.11 0.39
24.09 b5 0.45 0.39
24.55 g5 0.11 0.39
24.55 g4 0.11 0.39
24.77 f#5 0.11 0.39
24.77 f#4 0.11 0.39
25.00 e5 0.45 0.39
25.00 e4 0.45 0.39
25.45 e6 0.11 0.39
25.91 e5 0.11 0.39
25.91 e4 0.11 0.39
26.14 f#5 0.11 0.39
26.14 f#4 0.11 0.39
26.36 g5 0.11 0.39
26.36 g4 0.11 0.39
26.82 b5 0.11 0.39
26.82 b4 0.11 0.39
27.27 c6 0.11 0.39
27.27 c5 0.11 0.39
27.73 e6 0.11 0.39
27.73 e5 0.11 0.39
28.18 b5 0.91 0.39
28.18 b4 0.91 0.39
29.09 b5 0.11 0.63
29.09 b4 0.11 0.63
29.32 a#5 0.11 0.63
29.32 a#4 0.11 0.63
29.55 b5 0.11 0.63
29.55 b4 0.11 0.63
29.77 c#6 0.11 0.63
29.77 c#5 0.11 0.63
30.00 d6 0.11 0.63
30.00 d5 0.11 0.63
30.23 c#6 0.11 0.63
30.23 c#5 0.11 0.63
30.45 d6 0.11 0.63
30.45 d5 0.11 0.63
30.68 e6 0.11 0.63
30.68 e5 0.11 0.63
30.91 f#6 0.11 0.76
30.91 f#5 0.11 0.76
31.36 c#6 0.11 0.76
31.36 c#5 0.11 0.76
31.59 f#6 0.11 0.76
31.59 f#5 0.11 0.76
31.82 b5 0.11 0.76
31.82 b4 0.11 0.76
32.27 b5 0.11 0.76
32.33 d6 0.11 0.76
32.39 f#6 0.11 0.76
32.44 b6 0.11 0.76
32.73 b5 0.11 0.88
32.73 g5 0.11 0.88
32.73 e5 0.11 0.88
32.95 b5 0.11 0.88
32.95 g5 0.11 0.88
32.95 e5 0.11 0.88
33.18 b5 0.11 0.88
33.18 g5 0.11 0.88
33.18 e5 0.11 0.88
33.41 b5 0.11 0.88
33.41 g5 0.11 0.88
33.41 e5 0.11 0.88
33.64 b5 0.11 0.88
33.64 g5 0.11 0.88
33.64 e5 0.11 0.88
33.86 b5 0.11 0.88
33.86 g5 0.11 0.88
33.86 e5 0.11 0.88
34.09 b5 0.11 0.88
34.09 g5 0.11 0.88
34.09 e5 0.11 0.88
34.32 b5 0.11 0.88
34.32 g5 0.11 0.88
34.32 e5 0.11 0.88
34.55 c6 0.11 0.88
34.55 a5 0.11 0.88
34.55 e5 0.11 0.88
34.77 c6 0.11 0.88
34.77 a5 0.11 0.88
34.77 e5 0.11 0.88
35.00 c6 0.11 0.88
35.00 a5 0.11 0.88
35.00 e5 0.11 0.88
35.23 c6 0.11 0.88
35.23 a5 0.11 0.88
35.23 e5 0.11 0.88
35.45 c6 0.11 0.88
35.45 a5 0.11 0.88
35.45 e5 0.11 0.88
35.68 c6 0.11 0.88
35.68 a5 0.11 0.88
35.68 e5 0.11 0.88
35.91 c6 0.11 0.88
35.91 a5 0.11 0.88
35.91 e5 0.11 0.88
36.14 c6 0.11 0.88
36.14 a5 0.11 0.88
36.14 e5 0.11 0.88
36.31 c6 0.03 0.39
36.36 b5 0.11 0.39
36.82 b5 0.11 0.39
37.05 c#6 0.11 0.39
37.27 d#6 0.11 0.39
37.50 b5 0.11 0.39
37.73 f#6 0.43 0.39
38.12 f#6 0.03 0.39
37.73 f#5 0.45 0.39
38.18 e6 0.11 0.39
38.64 e6 0.11 0.39
38.86 f#6 0.11 0.39
39.09 g6 0.11 0.39
39.32 e6 0.11 0.39
39.55 b6 0.45 0.39
39.55 b5 0.45 0.39
40.00 b5 0.11 0.88
40.00 g5 0.11 0.88
40.00 e5 0.11 0.88
40.23 b5 0.11 0.88
40.23 g5 0.11 0.88
40.23 e5 0.11 0.88
40.45 b5 0.11 0.88
40.45 g5 0.11 0.88
40.45 e5 0.11 0.88
40.68 b5 0.11 0.88
40.68 g5 0.11 0.88
40.68 e5 0.11 0.88
40.91 b5 0.11 0.88
40.91 g5 0.11 0.88
40.91 e5 0.11 0.88
41.14 b5 0.11 0.88
41.14 g5 0.11 0.88
41.14 e5 0.11 0.88
41.36 b5 0.11 0.88
41.36 g5 0.11 0.88
41.36 e5 0.11 0.88
41.59 b5 0.11 0.88
41.59 g5 0.11 0.88
41.59 e5 0.11 0.88
41.82 c6 0.11 0.88
41.82 a5 0.11 0.88
41.82 e5 0.11 0.88
42.05 c6 0.11 0.88
42.05 a5 0.11 0.88
42.05 e5 0.11 0.88
42.27 c6 0.11 0.88
42.27 a5 0.11 0.88
42.27 e5 0.11 0.88
42.50 c6 0.11 0.88
42.50 a5 0.11 0.88
42.50 e5 0.11 0.88
42.73 c6 0.11 0.88
42.73 a5 0.11 0.88
42.73 e5 0.11 0.88
42.95 c6 0.11 0.88
42.95 a5 0.11 0.88
42.95 e5 0.11 0.88
43.18 c6 0.11 0.88
43.18 a5 0.11 0.88
43.18 e5 0.11 0.88
43.41 c6 0.11 0.88
43.41 a5 0.11 0.88
43.41 e5 0.11 0.88
43.64 b5 0.11 0.88
43.64 b4 0.11 0.88
43.86 e6 0.11 0.88
43.86 e5 0.11 0.88
44.09 b5 0.45 0.88
44.09 b4 0.45 0.88
44.55 g5 0.11 0.88
44.55 g4 0.11 0.88
44.77 b5 0.11 0.88
44.77 b4 0.11 0.88
45.00 e6 0.11 0.88
45.00 e5 0.11 0.88
45.23 g6 0.11 0.88
45.23 g5 0.11 0.88
45.45 f#6 0.11 0.88
45.45 f#5 0.11 0.88
45.68 b6 0.11 0.88
45.68 b5 0.11 0.88
45.91 d#6 0.11 0.88
45.91 d#5 0.11 0.88
46.14 f#6 0.11 0.88
46.14 f#5 0.11 0.88
46.36 e6 0.11 0.88
46.36 e5 0.11 0.88
46.82 e6 0.11 0.88
46.87 g6 0.11 0.88
46.93 b6 0.11 0.88
46.99 e7 0.11 0.88
47.27 b5 0.11 0.88
47.27 g5 0.11 0.88
47.27 e5 0.11 0.88
47.50 b5 0.11 0.88
47.50 g5 0.11 0.88
47.50 e5 0.11 0.88
47.73 b5 0.11 0.88
47.73 g5 0.11 0.88
47.73 e5 0.11 0.88
47.95 b5 0.11 0.88
47.95 g5 0.11 0.88
47.95 e5 0.11 0.88
48.18 b5 0.11 0.88
48.18 g5 0.11 0.88
48.18 e5 0.11 0.88
48.41 b5 0.11 0.88
48.41 g5 0.11 0.88
48.41 e5 0.11 0.88
48.64 b5 0.11 0.88
48.64 g5 0.11 0.88
48.64 e5 0.11 0.88
48.86 b5 0.11 0.88
48.86 g5 0.11 0.88
48.86 e5 0.11 0.88
49.09 c6 0.11 0.88
49.09 a5 0.11 0.88
49.09 e5 0.11 0.88
49.32 c6 0.11 0.88
49.32 a5 0.11 0.88
49.32 e5 0.11 0.88
49.55 c6 0.11 0.88
49.55 a5 0.11 0.88
49.55 e5 0.11 0.88
49.77 c6 0.11 0.88
49.77 a5 0.11 0.88
49.77 e5 0.11 0.88
50.00 c6 0.11 0.88
50.00 a5 0.11 0.88
50.00 e5 0.11 0.88
50.23 c6 0.11 0.88
50.23 a5 0.11 0.88
50.23 e5 0.11 0.88
50.45 c6 0.11 0.88
50.45 a5 0.11 0.88
50.45 e5 0.11 0.88
50.68 c6 0.11 0.88
50.68 a5 0.11 0.88
50.68 e5 0.11 0.88
50.85 c6 0.03 0.39
50.91 b5 0.11 0.39
51.36 b5 0.11 0.39
51.59 c#6 0.11 0.39
51.82 d#6 0.11 0.39
52.05 b5 0.11 0.39
52.27 f#6 0.43 0.39
52.67 f#6 0.03 0.39
52.27 f#5 0.45 0.39
52.73 e6 0.11 0.39
53.18 e6 0.11 0.39
53.41 f#6 0.11 0.39
53.64 g6 0.11 0.39
53.86 e6 0.11 0.39
54.09 b6 0.45 0.39
54.09 b5 0.45 0.39
54.55 b5 0.11 0.88
54.55 g5 0.11 0.88
54.55 e5 0.11 0.88
54.77 b5 0.11 0.88
54.77 g5 0.11 0.88
54.77 e5 0.11 0.88
55.00 b5 0.11 0.88
55.00 g5 0.11 0.88
55.00 e5 0.11 0.88
55.23 b5 0.11 0.88
55.23 g5 0.11 0.88
55.23 e5 0.11 0.88
55.45 b5 0.11 0.88
55.45 g5 0.11 0.88
55.45 e5 0.11 0.88
55.68 b5 0.11 0.88
55.68 g5 0.11 0.88
55.68 e5 0.11 0.88
55.91 b5 0.11 0.88
55.91 g5 0.11 0.88
55.91 e5 0.11 0.88
56.14 b5 0.11 0.88
56.14 g5 0.11 0.88
56.14 e5 0.11 0.88
56.36 c6 0.11 0.88
56.36 a5 0.11 0.88
56.36 e5 0.11 0.88
56.59 c6 0.11 0.88
56.59 a5 0.11 0.88
56.59 e5 0.11 0.88
56.82 c6 0.11 0.88
56.82 a5 0.11 0.88
56.82 e5 0.11 0.88
57.05 c6 0.11 0.88
57.05 a5 0.11 0.88
57.05 e5 0.11 0.88
57.27 c6 0.11 0.88
57.27 a5 0.11 0.88
57.27 e5 0.11 0.88
57.50 c6 0.11 0.88
57.50 a5 0.11 0.88
57.50 e5 0.11 0.88
57.73 c6 0.11 0.88
57.73 a5 0.11 0.88
57.73 e5 0.11 0.88
57.95 c6 0.11 0.88
57.95 a5 0.11 0.88
57.95 e5 0.11 0.88
58.18 b5 0.11 0.88
58.18 b4 0.11 0.88
58.41 e6 0.11 0.88
58.41 e5 0.11 0.88
58.64 b5 0.45 0.88
58.64 b4 0.45 0.88
59.09 g5 0.11 0.88
59.09 g4 0.11 0.88
59.32 b5 0.11 0.88
59.32 b4 0.11 0.88
59.55 e6 0.11 0.88
59.55 e5 0.11 0.88
59.77 g6 0.11 0.88
59.77 g5 0.11 0.88
60.00 f#6 0.11 0.88
60.00 f#5 0.11 0.88
60.23 b6 0.11 0.88
60.23 b5 0.11 0.88
60.45 d#6 0.11 0.88
60.45 d#5 0.11 0.88
60.68 f#6 0.11 0.88
60.68 f#5 0.11 0.88
60.91 e6 0.11 0.88
60.91 e5 0.11 0.88
61.36 e6 0.11 0.88
61.42 g6 0.11 0.88
61.48 b6 0.11 0.88
61.53 e7 0.11 0.88
61.82 g6 0.45 0.88
61.82 g5 0.45 0.88
62.27 f#6 0.45 0.88
62.27 f#5 0.45 0.88
62.73 f6 0.45 0.88
62.73 f5 0.45 0.88
63.18 e6 0.45 0.88
63.18 e5 0.45 0.88
63.64 d6 0.45 0.88
63.64 d5 0.45 0.88
64.09 c6 0.45 0.88
64.09 c5 0.45 0.88
64.55 b5 0.45 0.88
64.55 b4 0.45 0.88
65.00 a5 0.45 0.88
65.00 a4 0.45 0.88
65.45 g5 0.11 0.39
65.45 g4 0.11 0.39
65.68 a5 0.11 0.39
65.68 a4 0.11 0.39
65.91 b5 0.11 0.39
65.91 b4 0.11 0.39
66.14 c6 0.11 0.39
66.14 c5 0.11 0.39
66.36 d6 0.11 0.39
66.36 d5 0.11 0.39
66.59 c#6 0.11 0.39
66.59 c#5 0.11 0.39
66.82 d6 0.11 0.39
66.82 d5 0.11 0.39
67.05 b5 0.11 0.39
67.05 b4 0.11 0.39
67.27 c6 0.11 0.39
67.27 c5 0.11 0.39
67.50 d6 0.11 0.39
67.50 d5 0.11 0.39
67.73 e6 0.11 0.39
67.73 e5 0.11 0.39
67.95 f6 0.11 0.39
67.95 f5 0.11 0.39
68.18 g6 0.11 0.39
68.18 g5 0.11 0.39
68.41 f#6 0.11 0.39
68.41 f#5 0.11 0.39
68.64 g6 0.11 0.39
68.64 g5 0.11 0.39
68.86 e6 0.11 0.39
68.86 e5 0.11 0.39
69.09 f6 0.23 0.63
69.09 a5 0.23 0.63
69.32 a6 0.11 0.63
69.55 d6 0.23 0.63
69.55 f5 0.23 0.63
69.77 f6 0.11 0.63
70.00 b5 0.23 0.63
70.00 d5 0.23 0.63
70.23 d6 0.11 0.63
70.45 g5 0.23 0.63
70.45 b4 0.23 0.63
70.68 b5 0.11 0.63
70.91 c6 0.23 0.63
70.91 e5 0.23 0.63
71.14 e6 0.11 0.63
71.36 g5 0.23 0.63
71.36 c5 0.23 0.63
71.59 c6 0.11 0.63
71.82 e5 0.23 0.63
71.82 g4 0.23 0.63
72.05 g5 0.11 0.63
72.27 c5 0.23 0.63
72.27 e4 0.23 0.63
72.50 e5 0.11 0.63
72.73 g5 0.11 0.39
72.73 g4 0.11 0.39
72.95 a5 0.11 0.39
72.95 a4 0.11 0.39
73.18 b5 0.11 0.39
73.18 b4 0.11 0.39
73.41 c6 0.11 0.39
73.41 c5 0.11 0.39
73.64 d6 0.11 0.39
73.64 d5 0.11 0.39
73.86 c#6 0.11 0.39
73.86 c#5 0.11 0.39
74.09 d6 0.11 0.39
74.09 d5 0.11 0.39
74.32 b5 0.11 0.39
74.32 b4 0.11 0.39
74.55 c6 0.11 0.39
74.55 c5 0.11 0.39
74.77 d6 0.11 0.39
74.77 d5 0.11 0.39
75.00 e6 0.11 0.39
75.00 e5 0.11 0.39
75.23 f6 0.11 0.39
75.23 f5 0.11 0.39
75.45 g6 0.11 0.39
75.45 g5 0.11 0.39
75.68 f#6 0.11 0.39
75.68 f#5 0.11 0.39
75.91 g6 0.11 0.39
75.91 g5 0.11 0.39
76.14 e6 0.11 0.39
76.14 e5 0.11 0.39
76.36 g6 0.23 0.63
76.36 b5 0.23 0.63
76.59 b6 0.11 0.63
76.82 e6 0.23 0.63
76.82 g5 0.23 0.63
77.05 g6 0.11 0.63
77.27 b5 0.23 0.63
77.27 e5 0.23 0.63
77.50 e6 0.11 0.63
77.73 g6 0.23 0.63
77.73 b5 0.23 0.63
77.95 b6 0.11 0.63
78.18 f#6 0.23 0.63
78.18 b5 0.23 0.63
78.41 b6 0.11 0.63
78.64 d#6 0.23 0.63
78.64 f#5 0.23 0.63
78.86 f#6 0.11 0.63
79.09 e6 0.23 0.63
79.09 e5 0.23 0.63
79.55 e6 0.11 0.63
79.60 g6 0.11 0.63
79.66 b6 0.11 0.63
79.72 e7 0.11 0.63
80.00 g5 0.11 0.39
80.00 g4 0.11 0.39
80.23 a5 0.11 0.39
80.23 a4 0.11 0.39
80.45 b5 0.11 0.39
80.45 b4 0.11 0.39
80.68 c6 0.11 0.39
80.68 c5 0.11 0.39
80.91 d6 0.11 0.39
80.91 d5 0.11 0.39
81.14 c#6 0.11 0.39
81.14 c#5 0.11 0.39
81.36 d6 0.11 0.39
81.36 d5 0.11 0.39
81.59 b5 0.11 0.39
81.59 b4 0.11 0.39
81.82 c6 0.11 0.39
81.82 c5 0.11 0.39
82.05 d6 0.11 0.39
82.05 d5 0.11 0.39
82.27 e6 0.11 0.39
82.27 e5 0.11 0.39
82.50 f6 0.11 0.39
82.50 f5 0.11 0.39
82.73 g6 0.11 0.39
82.73 g5 0.11 0.39
82.95 f#6 0.11 0.39
82.95 f#5 0.11 0.39
83.18 g6 0.11 0.39
83.18 g5 0.11 0.39
83.41 e6 0.11 0.39
83.41 e5 0.11 0.39
83.64 f6 0.23 0.63
83.64 a5 0.23 0.63
83.86 a6 0.11 0.63
84.09 d6 0.23 0.63
84.09 f5 0.23 0.63
84.32 f6 0.11 0.63
84.55 b5 0.23 0.63
84.55 d5 0.23 0.63
84.77 d6 0.11 0.63
85.00 g5 0.23 0.63
85.00 b4 0.23 0.63
85.23 b5 0.11 0.63
85.45 c6 0.23 0.63
85.45 e5 0.23 0.63
85.68 e6 0.11 0.63
85.91 g5 0.23 0.63
85.91 c5 0.23 0.63
86.14 c6 0.11 0.63
86.36 e5 0.23 0.63
86.36 g4 0.23 0.63
86.59 g5 0.11 0.63
86.82 c5 0.23 0.63
86.82 e4 0.23 0.63
87.05 e5 0.11 0.63
87.27 g5 0.11 0.39
87.27 g4 0.11 0.39
87.50 a5 0.11 0.39
87.50 a4 0.11 0.39
87.73 b5 0.11 0.39
87.73 b4 0.11 0.39
87.95 c6 0.11 0.39
87.95 c5 0.11 0.39
88.18 d6 0.11 0.39
88.18 d5 0.11 0.39
88.41 c#6 0.11 0.39
88.41 c#5 0.11 0.39
88.64 d6 0.11 0.39
88.64 d5 0.11 0.39
88.86 b5 0.11 0.39
88.86 b4 0.11 0.39
89.09 c6 0.11 0.39
89.09 c5 0.11 0.39
89.32 d6 0.11 0.39
89.32 d5 0.11 0.39
89.55 e6 0.11 0.39
89.55 e5 0.11 0.39
89.77 f6 0.11 0.39
89.77 f5 0.11 0.39
90.00 g6 0.11 0.39
90.00 g5 0.11 0.39
90.23 f#6 0.11 0.39
90.23 f#5 0.11 0.39
90.45 g6 0.11 0.39
90.45 g5 0.11 0.39
90.68 e6 0.11 0.39
90.68 e5 0.11 0.39
90.91 g6 0.23 0.63
90.91 b5 0.23 0.63
91.14 b6 0.11 0.63
91.36 e6 0.23 0.63
91.36 g5 0.23 0.63
91.59 g6 0.11 0.63
91.82 b5 0.23 0.63
91.82 e5 0.23 0.63
92.05 e6 0.11 0.63
92.27 g6 0.23 0.63
92.27 b5 0.23 0.63
92.50 b6 0.11 0.63
92.73 f#6 0.23 0.63
92.73 b5 0.23 0.63
92.95 b6 0.11 0.63
93.18 d#6 0.23 0.63
93.18 f#5 0.23 0.63
93.41 f#6 0.11 0.63
93.64 e6 0.23 0.63
93.64 e5 0.23 0.63
94.09 e6 0.11 0.63
94.15 g6 0.11 0.63
94.20 b6 0.11 0.63
94.26 e7 0.11 0.63
94.55 c6 0.11 0.88
94.66 g5 0.11 0.88
94.77 e5 0.11 0.88
94.89 g5 0.11 0.88
95.00 c6 0.11 0.88
95.11 g5 0.11 0.88
95.23 e5 0.11 0.88
95.34 g5 0.11 0.88
95.45 c6 0.11 0.88
95.57 g5 0.11 0.88
95.68 e5 0.11 0.88
95.80 g5 0.11 0.88
95.91 c6 0.11 0.88
96.36 d6 0.11 0.88
96.48 a5 0.11 0.88
96.59 f5 0.11 0.88
96.70 a5 0.11 0.88
96.82 d6 0.11 0.88
96.93 a5 0.11 0.88
97.05 f5 0.11 0.88
97.16 a5 0.11 0.88
97.27 d6 0.11 0.88
97.39 a5 0.11 0.88
97.50 f5 0.11 0.88
97.61 a5 0.11 0.88
97.73 d6 0.11 0.88
98.12 f6 0.03 0.88
98.18 a6 0.11 0.88
98.64 d6 0.11 0.39
98.64 b5 0.11 0.39
98.86 e6 0.11 0.39
98.86 c6 0.11 0.39
99.09 f6 0.11 0.39
99.09 d6 0.11 0.39
99.49 f6 0.03 0.39
99.55 a6 0.11 0.39
99.94 e6 0.03 0.39
100.00 g6 0.11 0.39
100.45 c6 0.11 0.39
100.68 d6 0.11 0.39
100.91 e6 0.11 0.39
100.91 c6 0.11 0.39
101.31 e6 0.03 0.39
101.36 g6 0.11 0.39
101.82 c6 0.11 0.88
101.93 g5 0.11 0.88
102.05 e5 0.11 0.88
102.16 g5 0.11 0.88
102.27 c6 0.11 0.88
102.39 g5 0.11 0.88
102.50 e5 0.11 0.88
102.61 g5 0.11 0.88
102.73 c6 0.11 0.88
102.84 g5 0.11 0.88
102.95 e5 0.11 0.88
103.07 g5 0.11 0.88
103.18 c6 0.11 0.88
103.64 d6 0.11 0.88
103.75 a5 0.11 0.88
103.86 f5 0.11 0.88
103.98 a5 0.11 0.88
104.09 d6 0.11 0.88
104.20 a5 0.11 0.88
104.32 f5 0.11 0.88
104.43 a5 0.11 0.88
104.55 d6 0.11 0.88
104.66 a5 0.11 0.88
104.77 f5 0.11 0.88
104.89 a5 0.11 0.88
105.00 d6 0.11 0.88
105.45 c6 0.11 0.88
105.45 c5 0.11 0.88
105.68 b5 0.11 0.88
105.68 b4 0.11 0.88
105.91 c6 0.11 0.88
105.91 c5 0.11 0.88
106.14 a5 0.11 0.88
106.14 a4 0.11 0.88
106.36 g5 0.11 0.88
106.36 g4 0.11 0.88
106.59 c6 0.11 0.88
106.59 c5 0.11 0.88
106.82 e6 0.11 0.88
106.82 e5 0.11 0.88
107.05 g6 0.11 0.88
107.05 g5 0.11 0.88
107.27 a6 0.11 0.88
107.27 a5 0.11 0.88
107.73 b5 0.45 0.88
108.18 c6 0.11 0.88
108.64 c7 0.11 0.88
108.64 g6 0.11 0.88
108.64 e6 0.11 0.88
108.64 c6 0.11 0.88
109.09 b5 0.11 0.63
109.09 b4 0.11 0.63
109.32 f#5 0.11 0.63
109.55 b5 0.45 0.63
109.55 b4 0.45 0.63
110.00 b5 0.11 0.63
110.00 b4 0.11 0.63
110.23 g5 0.11 0.63
110.45 b5 0.45 0.63
110.45 b4 0.45 0.63
110.91 b5 0.11 0.63
111.14 b4 0.11 0.63
111.36 d#5 0.11 0.63
111.59 f#5 0.11 0.63
111.82 b5 0.11 0.63
112.73 e6 0.11 0.63
113.18 e5 0.11 0.39
113.18 e4 0.11 0.39
113.41 f#5 0.11 0.39
113.41 f#4 0.11 0.39
113.64 g5 0.11 0.39
113.64 g4 0.11 0.39
114.09 b5 0.11 0.39
114.09 b4 0.11 0.39
114.55 c6 0.11 0.39
114.55 c5 0.11 0.39
115.00 e6 0.11 0.39
115.00 e5 0.11 0.39
115.45 b5 0.91 0.39
115.45 b4 0.91 0.39
116.36 a5 0.11 0.39
116.48 a4 0.11 0.39
116.59 e5 0.11 0.39
116.70 f#5 0.11 0.39
116.82 c6 0.45 0.39
117.27 g5 0.11 0.39
117.39 g4 0.11 0.39
117.50 e5 0.11 0.39
117.61 g5 0.11 0.39
117.73 b5 0.45 0.39
118.18 f#5 0.11 0.39
118.30 f#4 0.11 0.39
118.41 d#5 0.11 0.39
118.52 f#5 0.11 0.39
118.64 b5 0.45 0.39
119.09 g5 0.11 0.39
119.09 g4 0.11 0.39
119.32 f#5 0.11 0.39
119.32 f#4 0.11 0.39
119.55 e5 0.45 0.39
119.55 e4 0.45 0.39
120.00 e6 0.11 0.39
120.45 e5 0.11 0.39
120.45 e4 0.11 0.39
120.68 f#5 0.11 0.39
120.68 f#4 0.11 0.39
120.91 g5 0.11 0.39
120.91 g4 0.11 0.39
121.36 b5 0.11 0.39
121.36 b4 0.11 0.39
121.82 c6 0.11 0.39
121.82 c5 0.11 0.39
122.27 e6 0.11 0.39
122.27 e5 0.11 0.39
122.73 b5 0.91 0.39
122.73 b4 0.91 0.39
123.64 b5 0.11 0.63
123.64 b4 0.11 0.63
123.86 a#5 0.11 0.63
123.86 a#4 0.11 0.63
124.09 b5 0.11 0.63
124.09 b4 0.11 0.63
124.32 c#6 0.11 0.63
124.32 c#5 0.11 0.63
124.55 d6 0.11 0.63
124.55 d5 0.11 0.63
124.77 c#6 0.11 0.63
124.77 c#5 0.11 0.63
125.00 d6 0.11 0.63
125.00 d5 0.11 0.63
125.23 e6 0.11 0.63
125.23 e5 0.11 0.63
125.45 f#6 0.11 0.76
125.45 f#5 0.11 0.76
125.91 c#6 0.11 0.76
125.91 c#5 0.11 0.76
126.14 f#6 0.11 0.76
126.14 f#5 0.11 0.76
126.36 b5 0.11 0.76
126.36 b4 0.11 0.76
126.82 b5 0.11 0.76
126.87 d6 0.11 0.76
126.93 f#6 0.11 0.76
126.99 b6 0.11 0.76
127.27 b5 0.11 0.88
127.27 g5 0.11 0.88
127.27 e5 0.11 0.88
127.50 b5 0.11 0.88
127.50 g5 0.11 0.88
127.50 e5 0.11 0.88
127.73 b5 0.11 0.88
127.73 g5 0.11 0.88
127.73 e5 0.11 0.88
127.95 b5 0.11 0.88
127.95 g5 0.11 0.88
127.95 e5 0.11 0.88
128.18 b5 0.11 0.88
128.18 g5 0.11 0.88
128.18 e5 0.11 0.88
128.41 b5 0.11 0.88
128.41 g5 0.11 0.88
128.41 e5 0.11 0.88
128.64 b5 0.11 0.88
128.64 g5 0.11 0.88
128.64 e5 0.11 0.88
128.86 b5 0.11 0.88
128.86 g5 0.11 0.88
128.86 e5 0.11 0.88
129.09 c6 0.11 0.88
129.09 a5 0.11 0.88
129.09 e5 0.11 0.88
129.32 c6 0.11 0.88
129.32 a5 0.11 0.88
129.32 e5 0.11 0.88
129.55 c6 0.11 0.88
129.55 a5 0.11 0.88
129.55 e5 0.11 0.88
129.77 c6 0.11 0.88
129.77 a5 0.11 0.88
129.77 e5 0.11 0.88
130.00 c6 0.11 0.88
130.00 a5 0.11 0.88
130.00 e5 0.11 0.88
130.23 c6 0.11 0.88
130.23 a5 0.11 0.88
130.23 e5 0.11 0.88
130.45 c6 0.11 0.88
130.45 a5 0.11 0.88
130.45 e5 0.11 0.88
130.68 c6 0.11 0.88
130.68 a5 0.11 0.88
130.68 e5 0.11 0.88
130.85 c6 0.03 0.39
130.91 b5 0.11 0.39
131.36 b5 0.11 0.39
131.59 c#6 0.11 0.39
131.82 d#6 0.11 0.39
132.05 b5 0.11 0.39
132.27 f#6 0.43 0.39
132.67 f#6 0.03 0.39
132.27 f#5 0.45 0.39
132.73 e6 0.11 0.39
133.18 e6 0.11 0.39
133.41 f#6 0.11 0.39
133.64 g6 0.11 0.39
133.86 e6 0.11 0.39
134.09 b6 0.45 0.39
134.09 b5 0.45 0.39
134.55 b5 0.11 0.88
134.55 g5 0.11 0.88
134.55 e5 0.11 0.88
134.77 b5 0.11 0.88
134.77 g5 0.11 0.88
134.77 e5 0.11 0.88
135.00 b5 0.11 0.88
135.00 g5 0.11 0.88
135.00 e5 0.11 0.88
135.23 b5 0.11 0.88
135.23 g5 0.11 0.88
135.23 e5 0.11 0.88
135.45 b5 0.11 0.88
135.45 g5 0.11 0.88
135.45 e5 0.11 0.88
135.68 b5 0.11 0.88
135.68 g5 0.11 0.88
135.68 e5 0.11 0.88
135.91 b5 0.11 0.88
135.91 g5 0.11 0.88
135.91 e5 0.11 0.88
136.14 b5 0.11 0.88
136.14 g5 0.11 0.88
136.14 e5 0.11 0.88
136.36 c6 0.11 0.88
136.36 a5 0.11 0.88
136.36 e5 0.11 0.88
136.59 c6 0.11 0.88
136.59 a5 0.11 0.88
136.59 e5 0.11 0.88
136.82 c6 0.11 0.88
136.82 a5 0.11 0.88
136.82 e5 0.11 0.88
137.05 c6 0.11 0.88
137.05 a5 0.11 0.88
137.05 e5 0.11 0.88
137.27 c6 0.11 0.88
137.27 a5 0.11 0.88
137.27 e5 0.11 0.88
137.50 c6 0.11 0.88
137.50 a5 0.11 0.88
137.50 e5 0.11 0.88
137.73 c6 0.11 0.88
137.73 a5 0.11 0.88
137.73 e5 0.11 0.88
137.95 c6 0.11 0.88
137.95 a5 0.11 0.88
137.95 e5 0.11 0.88
138.18 b5 0.11 0.88
138.18 b4 0.11 0.88
138.41 e6 0.11 0.88
138.41 e5 0.11 0.88
138.64 b5 0.45 0.88
138.64 b4 0.45 0.88
139.09 g5 0.11 0.88
139.09 g4 0.11 0.88
139.32 b5 0.11 0.88
139.32 b4 0.11 0.88
139.55 e6 0.11 0.88
139.55 e5 0.11 0.88
139.77 g6 0.11 0.88
139.77 g5 0.11 0.88
140.00 f#6 0.11 0.88
140.00 f#5 0.11 0.88
140.23 b6 0.11 0.88
140.23 b5 0.11 0.88
140.45 d#6 0.11 0.88
140.45 d#5 0.11 0.88
140.68 f#6 0.11 0.88
140.68 f#5 0.11 0.88
140.91 e6 0.11 0.88
140.91 e5 0.11 0.88
141.36 e6 0.11 0.88
141.42 g6 0.11 0.88
141.48 b6 0.11 0.88
141.53 e7 0.11 0.88
141.82 c6 0.11 0.88
141.82 f#5 0.11 0.88
141.82 e5 0.11 0.88
141.82 c5 0.11 0.88
142.27 b5 0.11 0.88
142.27 f#5 0.11 0.88
142.27 d#5 0.11 0.88
142.27 b4 0.11 0.88
142.73 e6 0.11 0.88
142.73 b5 0.11 0.88
142.73 g5 0.11 0.88
142.73 e5 0.11 0.88
end

# Instrument: 

part
num_notes 768
0.00 b3 0.11 0.63
0.00 b2 0.11 0.63
0.23 f#3 0.11 0.63
0.45 b3 0.45 0.63
0.45 b2 0.45 0.63
0.91 b3 0.11 0.63
0.91 b2 0.11 0.63
1.14 g3 0.11 0.63
1.36 b3 0.45 0.63
1.36 b2 0.45 0.63
1.82 b3 0.11 0.63
2.05 b2 0.11 0.63
2.27 d#3 0.11 0.63
2.50 f#3 0.11 0.63
2.73 b3 0.11 0.63
2.73 b2 0.11 0.63
3.18 b2 0.23 0.63
3.18 b1 0.23 0.63
3.64 e3 0.23 0.63
3.86 b3 0.23 0.63
3.86 g3 0.23 0.63
4.09 e3 0.23 0.39
4.32 b3 0.23 0.39
4.32 g3 0.23 0.39
4.55 e3 0.23 0.39
4.77 b3 0.23 0.39
4.77 g3 0.23 0.39
5.00 e3 0.23 0.39
5.23 b3 0.23 0.39
5.23 g3 0.23 0.39
5.45 e3 0.23 0.39
5.68 c4 0.23 0.39
5.68 a3 0.23 0.39
5.91 e3 0.23 0.39
6.14 c4 0.23 0.39
6.14 a3 0.23 0.39
6.36 e3 0.23 0.39
6.59 b3 0.23 0.39
6.59 g3 0.23 0.39
6.82 e3 0.23 0.39
7.05 b3 0.23 0.39
7.05 g3 0.23 0.39
7.27 a2 0.23 0.39
7.50 f#3 0.23 0.39
7.50 e3 0.23 0.39
7.73 a2 0.23 0.39
7.95 f#3 0.23 0.39
7.95 e3 0.23 0.39
8.18 b2 0.23 0.39
8.41 g3 0.23 0.39
8.41 e3 0.23 0.39
8.64 b2 0.23 0.39
8.86 g3 0.23 0.39
8.86 e3 0.23 0.39
9.09 b2 0.23 0.39
9.32 a3 0.23 0.39
9.32 f#3 0.23 0.39
9.55 b2 0.23 0.39
9.77 a3 0.23 0.39
9.77 f#3 0.23 0.39
10.00 g3 0.11 0.39
10.00 e3 0.11 0.39
10.23 a3 0.11 0.39
10.23 b2 0.11 0.39
10.45 g3 0.45 0.39
10.45 e3 0.45 0.39
10.91 e3 0.23 0.39
11.14 b3 0.23 0.39
11.14 g3 0.23 0.39
11.36 e3 0.23 0.39
11.59 b3 0.23 0.39
11.59 g3 0.23 0.39
11.82 e3 0.23 0.39
12.05 b3 0.23 0.39
12.05 g3 0.23 0.39
12.27 e3 0.23 0.39
12.50 b3 0.23 0.39
12.50 g3 0.23 0.39
12.73 e3 0.23 0.39
12.95 c4 0.23 0.39
12.95 a3 0.23 0.39
13.18 e3 0.23 0.39
13.41 c4 0.23 0.39
13.41 a3 0.23 0.39
13.64 e3 0.23 0.39
13.86 b3 0.23 0.39
13.86 g3 0.23 0.39
14.09 e3 0.23 0.39
14.32 b3 0.23 0.39
14.32 g3 0.23 0.39
14.55 f#3 0.23 0.63
14.77 d4 0.23 0.63
14.77 b3 0.23 0.63
15.00 f#3 0.23 0.63
15.23 d4 0.23 0.63
15.23 b3 0.23 0.63
15.45 f#3 0.23 0.63
15.68 d4 0.23 0.63
15.68 b3 0.23 0.63
15.91 f#3 0.23 0.63
16.14 d4 0.23 0.63
16.14 b3 0.23 0.63
16.36 e4 0.23 0.76
16.36 a#3 0.23 0.76
16.36 f#3 0.23 0.76
16.82 e4 0.23 0.76
16.82 c#4 0.23 0.76
16.82 f#3 0.23 0.76
17.27 d4 0.11 0.76
17.27 b3 0.11 0.76
17.73 b3 0.11 0.76
17.73 b2 0.11 0.76
18.18 e3 0.23 0.63
18.41 b3 0.23 0.63
18.41 g3 0.23 0.63
18.64 e3 0.23 0.39
18.86 b3 0.23 0.39
18.86 g3 0.23 0.39
19.09 e3 0.23 0.39
19.32 b3 0.23 0.39
19.32 g3 0.23 0.39
19.55 e3 0.23 0.39
19.77 b3 0.23 0.39
19.77 g3 0.23 0.39
20.00 e3 0.23 0.39
20.23 c4 0.23 0.39
20.23 a3 0.23 0.39
20.45 e3 0.23 0.39
20.68 c4 0.23 0.39
20.68 a3 0.23 0.39
20.91 e3 0.23 0.39
21.14 b3 0.23 0.39
21.14 g3 0.23 0.39
21.36 e3 0.23 0.39
21.59 b3 0.23 0.39
21.59 g3 0.23 0.39
21.82 a2 0.23 0.39
22.05 f#3 0.23 0.39
22.05 e3 0.23 0.39
22.27 a2 0.23 0.39
22.50 f#3 0.23 0.39
22.50 e3 0.23 0.39
22.73 b2 0.23 0.39
22.95 g3 0.23 0.39
22.95 e3 0.23 0.39
23.18 b2 0.23 0.39
23.41 g3 0.23 0.39
23.41 e3 0.23 0.39
23.64 b2 0.23 0.39
23.86 a3 0.23 0.39
23.86 f#3 0.23 0.39
24.09 b2 0.23 0.39
24.32 a3 0.23 0.39
24.32 f#3 0.23 0.39
24.55 g3 0.11 0.39
24.55 e3 0.11 0.39
24.77 a3 0.11 0.39
24.77 b2 0.11 0.39
25.00 g3 0.45 0.39
25.00 e3 0.45 0.39
25.45 e3 0.23 0.39
25.68 b3 0.23 0.39
25.68 g3 0.23 0.39
25.91 e3 0.23 0.39
26.14 b3 0.23 0.39
26.14 g3 0.23 0.39
26.36 e3 0.23 0.39
26.59 b3 0.23 0.39
26.59 g3 0.23 0.39
26.82 e3 0.23 0.39
27.05 b3 0.23 0.39
27.05 g3 0.23 0.39
27.27 e3 0.23 0.39
27.50 c4 0.23 0.39
27.50 a3 0.23 0.39
27.73 e3 0.23 0.39
27.95 c4 0.23 0.39
27.95 a3 0.23 0.39
28.18 e3 0.23 0.39
28.41 b3 0.23 0.39
28.41 g3 0.23 0.39
28.64 e3 0.23 0.39
28.86 b3 0.23 0.39
28.86 g3 0.23 0.39
29.09 f#3 0.23 0.63
29.32 d4 0.23 0.63
29.32 b3 0.23 0.63
29.55 f#3 0.23 0.63
29.77 d4 0.23 0.63
29.77 b3 0.23 0.63
30.00 f#3 0.23 0.63
30.23 d4 0.23 0.63
30.23 b3 0.23 0.63
30.45 f#3 0.23 0.63
30.68 d4 0.23 0.63
30.68 b3 0.23 0.63
30.91 e4 0.23 0.76
30.91 a#3 0.23 0.76
30.91 f#3 0.23 0.76
31.36 e4 0.23 0.76
31.36 c#4 0.23 0.76
31.36 f#3 0.23 0.76
31.82 d4 0.11 0.76
31.82 b3 0.11 0.76
32.27 b3 0.11 0.76
32.27 b2 0.11 0.76
32.73 e3 0.23 0.88
32.73 e2 0.23 0.88
33.18 g3 0.23 0.88
33.18 g2 0.23 0.88
33.64 b3 0.91 0.88
33.64 b2 0.91 0.88
34.55 a3 0.23 0.88
34.55 a2 0.23 0.88
35.00 c4 0.23 0.88
35.00 c3 0.23 0.88
35.45 e4 0.91 0.88
35.45 e3 0.91 0.88
36.36 d#3 0.23 0.39
36.59 b3 0.23 0.39
36.59 a3 0.23 0.39
36.82 d#3 0.23 0.39
37.05 b3 0.23 0.39
37.05 a3 0.23 0.39
37.27 f#3 0.23 0.39
37.50 b3 0.23 0.39
37.50 a3 0.23 0.39
37.73 b2 0.23 0.39
37.95 b3 0.23 0.39
37.95 a3 0.23 0.39
38.18 e3 0.23 0.39
38.41 b3 0.23 0.39
38.41 g3 0.23 0.39
38.64 b2 0.23 0.39
38.86 b3 0.23 0.39
38.86 g3 0.23 0.39
39.09 e3 0.23 0.39
39.32 b3 0.23 0.39
39.32 g3 0.23 0.39
39.55 b2 0.23 0.39
39.77 b3 0.23 0.39
39.77 g3 0.23 0.39
40.00 e3 0.23 0.88
40.00 e2 0.23 0.88
40.45 g3 0.23 0.88
40.45 g2 0.23 0.88
40.91 b3 0.91 0.88
40.91 b2 0.91 0.88
41.82 a3 0.23 0.88
41.82 a2 0.23 0.88
42.27 c4 0.23 0.88
42.27 c3 0.23 0.88
42.73 e4 0.91 0.88
42.73 e3 0.91 0.88
43.64 b2 0.23 0.88
43.86 g3 0.23 0.88
43.86 e3 0.23 0.88
44.09 b2 0.23 0.88
44.32 g3 0.23 0.88
44.32 e3 0.23 0.88
44.55 b2 0.23 0.88
44.77 g3 0.23 0.88
44.77 e3 0.23 0.88
45.00 b2 0.23 0.88
45.23 g3 0.23 0.88
45.23 e3 0.23 0.88
45.45 a3 0.11 0.88
45.45 d#3 0.11 0.88
45.45 b2 0.11 0.88
45.91 a3 0.11 0.88
45.91 d#3 0.11 0.88
45.91 b2 0.11 0.88
46.36 g3 0.11 0.88
46.36 e3 0.11 0.88
46.82 e3 0.11 0.88
46.82 e2 0.11 0.88
47.27 e3 0.23 0.88
47.27 e2 0.23 0.88
47.73 g3 0.23 0.88
47.73 g2 0.23 0.88
48.18 b3 0.91 0.88
48.18 b2 0.91 0.88
49.09 a3 0.23 0.88
49.09 a2 0.23 0.88
49.55 c4 0.23 0.88
49.55 c3 0.23 0.88
50.00 e4 0.91 0.88
50.00 e3 0.91 0.88
50.91 d#3 0.23 0.39
51.14 b3 0.23 0.39
51.14 a3 0.23 0.39
51.36 d#3 0.23 0.39
51.59 b3 0.23 0.39
51.59 a3 0.23 0.39
51.82 f#3 0.23 0.39
52.05 b3 0.23 0.39
52.05 a3 0.23 0.39
52.27 b2 0.23 0.39
52.50 b3 0.23 0.39
52.50 a3 0.23 0.39
52.73 e3 0.23 0.39
52.95 b3 0.23 0.39
52.95 g3 0.23 0.39
53.18 b2 0.23 0.39
53.41 b3 0.23 0.39
53.41 g3 0.23 0.39
53.64 e3 0.23 0.39
53.86 b3 0.23 0.39
53.86 g3 0.23 0.39
54.09 b2 0.23 0.39
54.32 b3 0.23 0.39
54.32 g3 0.23 0.39
54.55 e3 0.23 0.88
54.55 e2 0.23 0.88
55.00 g3 0.23 0.88
55.00 g2 0.23 0.88
55.45 b3 0.91 0.88
55.45 b2 0.91 0.88
56.36 a3 0.23 0.88
56.36 a2 0.23 0.88
56.82 c4 0.23 0.88
56.82 c3 0.23 0.88
57.27 e4 0.91 0.88
57.27 e3 0.91 0.88
58.18 b2 0.23 0.88
58.41 g3 0.23 0.88
58.41 e3 0.23 0.88
58.64 b2 0.23 0.88
58.86 g3 0.23 0.88
58.86 e3 0.23 0.88
59.09 b2 0.23 0.88
59.32 g3 0.23 0.88
59.32 e3 0.23 0.88
59.55 b2 0.23 0.88
59.77 g3 0.23 0.88
59.77 e3 0.23 0.88
60.00 a3 0.11 0.88
60.00 d#3 0.11 0.88
60.00 b2 0.11 0.88
60.45 a3 0.11 0.88
60.45 d#3 0.11 0.88
60.45 b2 0.11 0.88
60.91 g3 0.11 0.88
60.91 e3 0.11 0.88
61.36 e3 0.11 0.88
61.36 e2 0.11 0.88
61.82 g4 0.45 0.88
61.82 g3 0.45 0.88
62.27 f#4 0.45 0.88
62.27 f#3 0.45 0.88
62.73 f4 0.45 0.88
62.73 f3 0.45 0.88
63.18 e4 0.45 0.88
63.18 e3 0.45 0.88
63.64 d4 0.45 0.88
63.64 d3 0.45 0.88
64.09 c4 0.45 0.88
64.09 c3 0.45 0.88
64.55 b3 0.45 0.88
64.55 b2 0.45 0.88
65.00 a3 0.45 0.88
65.00 a2 0.45 0.88
65.45 g2 0.11 0.39
65.68 f3 0.11 0.39
65.91 d3 0.11 0.39
66.14 f3 0.11 0.39
66.36 g2 0.11 0.39
66.59 f3 0.11 0.39
66.82 d3 0.11 0.39
67.05 f3 0.11 0.39
67.27 g2 0.11 0.39
67.50 e3 0.11 0.39
67.73 c3 0.11 0.39
67.95 e3 0.11 0.39
68.18 g2 0.11 0.39
68.41 e3 0.11 0.39
68.64 c3 0.11 0.39
68.86 e3 0.11 0.39
69.09 g2 0.11 0.63
69.32 f3 0.11 0.63
69.55 d3 0.11 0.63
69.77 f3 0.11 0.63
70.00 g2 0.11 0.63
70.23 f3 0.11 0.63
70.45 d3 0.11 0.63
70.68 f3 0.11 0.63
70.91 g2 0.11 0.63
71.14 e3 0.11 0.63
71.36 c3 0.11 0.63
71.59 e3 0.11 0.63
71.82 g2 0.11 0.63
72.05 e3 0.11 0.63
72.27 c3 0.11 0.63
72.50 e3 0.11 0.63
72.73 g2 0.11 0.39
72.95 f3 0.11 0.39
73.18 d3 0.11 0.39
73.41 f3 0.11 0.39
73.64 g2 0.11 0.39
73.86 f3 0.11 0.39
74.09 d3 0.11 0.39
74.32 f3 0.11 0.39
74.55 g2 0.11 0.39
74.77 e3 0.11 0.39
75.00 c3 0.11 0.39
75.23 e3 0.11 0.39
75.45 g2 0.11 0.39
75.68 e3 0.11 0.39
75.91 c3 0.11 0.39
76.14 e3 0.11 0.39
76.36 g3 0.11 0.63
76.36 e3 0.11 0.63
76.36 b2 0.11 0.63
76.82 g3 0.11 0.63
76.82 e3 0.11 0.63
76.82 b2 0.11 0.63
77.27 g3 0.11 0.63
77.27 e3 0.11 0.63
77.27 b2 0.11 0.63
77.73 g3 0.11 0.63
77.73 e3 0.11 0.63
77.73 b2 0.11 0.63
78.18 a3 0.11 0.63
78.18 f#3 0.11 0.63
78.18 b2 0.11 0.63
78.64 a3 0.11 0.63
78.64 f#3 0.11 0.63
78.64 b2 0.11 0.63
79.09 g3 0.11 0.63
79.09 e3 0.11 0.63
79.55 e3 0.11 0.63
79.55 e2 0.11 0.63
80.00 g2 0.11 0.39
80.23 f3 0.11 0.39
80.45 d3 0.11 0.39
80.68 f3 0.11 0.39
80.91 g2 0.11 0.39
81.14 f3 0.11 0.39
81.36 d3 0.11 0.39
81.59 f3 0.11 0.39
81.82 g2 0.11 0.39
82.05 e3 0.11 0.39
82.27 c3 0.11 0.39
82.50 e3 0.11 0.39
82.73 g2 0.11 0.39
82.95 e3 0.11 0.39
83.18 c3 0.11 0.39
83.41 e3 0.11 0.39
83.64 g2 0.11 0.63
83.86 f3 0.11 0.63
84.09 d3 0.11 0.63
84.32 f3 0.11 0.63
84.55 g2 0.11 0.63
84.77 f3 0.11 0.63
85.00 d3 0.11 0.63
85.23 f3 0.11 0.63
85.45 g2 0.11 0.63
85.68 e3 0.11 0.63
85.91 c3 0.11 0.63
86.14 e3 0.11 0.63
86.36 g2 0.11 0.63
86.59 e3 0.11 0.63
86.82 c3 0.11 0.63
87.05 e3 0.11 0.63
87.27 g2 0.11 0.39
87.50 f3 0.11 0.39
87.73 d3 0.11 0.39
87.95 f3 0.11 0.39
88.18 g2 0.11 0.39
88.41 f3 0.11 0.39
88.64 d3 0.11 0.39
88.86 f3 0.11 0.39
89.09 g2 0.11 0.39
89.32 e3 0.11 0.39
89.55 c3 0.11 0.39
89.77 e3 0.11 0.39
90.00 g2 0.11 0.39
90.23 e3 0.11 0.39
90.45 c3 0.11 0.39
90.68 e3 0.11 0.39
90.91 g3 0.11 0.63
90.91 e3 0.11 0.63
90.91 b2 0.11 0.63
91.36 g3 0.11 0.63
91.36 e3 0.11 0.63
91.36 b2 0.11 0.63
91.82 g3 0.11 0.63
91.82 e3 0.11 0.63
91.82 b2 0.11 0.63
92.27 g3 0.11 0.63
92.27 e3 0.11 0.63
92.27 b2 0.11 0.63
92.73 a3 0.11 0.63
92.73 f#3 0.11 0.63
92.73 b2 0.11 0.63
93.18 a3 0.11 0.63
93.18 f#3 0.11 0.63
93.18 b2 0.11 0.63
93.64 g3 0.11 0.63
93.64 e3 0.11 0.63
94.09 e3 0.11 0.63
94.09 e2 0.11 0.63
94.55 c4 0.11 0.88
94.55 c3 0.11 0.88
95.00 b3 0.11 0.88
95.00 b2 0.11 0.88
95.45 a3 0.11 0.88
95.45 a2 0.11 0.88
95.91 g3 0.11 0.88
95.91 g2 0.11 0.88
96.36 f3 0.11 0.88
96.36 f2 0.11 0.88
96.82 e3 0.11 0.88
96.82 e2 0.11 0.88
97.27 d3 0.91 0.88
97.27 d2 0.91 0.88
98.18 g2 0.23 0.88
98.41 f3 0.23 0.88
98.41 d3 0.23 0.88
98.64 g2 0.23 0.39
98.86 f3 0.23 0.39
98.86 d3 0.23 0.39
99.09 g2 0.23 0.39
99.32 f3 0.23 0.39
99.32 d3 0.23 0.39
99.55 g2 0.23 0.39
99.77 f3 0.23 0.39
99.77 d3 0.23 0.39
100.00 c3 0.23 0.39
100.23 c4 0.23 0.39
100.23 g3 0.23 0.39
100.23 e3 0.23 0.39
100.45 c3 0.23 0.39
100.68 c4 0.23 0.39
100.68 g3 0.23 0.39
100.68 e3 0.23 0.39
100.91 c3 0.23 0.39
101.14 c4 0.23 0.39
101.14 g3 0.23 0.39
101.14 e3 0.23 0.39
101.36 c3 0.23 0.39
101.59 c4 0.23 0.39
101.59 g3 0.23 0.39
101.59 e3 0.23 0.39
101.82 c4 0.11 0.88
101.82 c3 0.11 0.88
102.27 b3 0.11 0.88
102.27 b2 0.11 0.88
102.73 a3 0.11 0.88
102.73 a2 0.11 0.88
103.18 g3 0.11 0.88
103.18 g2 0.11 0.88
103.64 f3 0.11 0.88
103.64 f2 0.11 0.88
104.09 e3 0.11 0.88
104.09 e2 0.11 0.88
104.55 d3 0.91 0.88
104.55 d2 0.91 0.88
105.45 f#2 0.23 0.88
105.68 d#3 0.23 0.88
105.68 c3 0.23 0.88
105.91 f#2 0.23 0.88
106.14 d#3 0.23 0.88
106.14 c3 0.23 0.88
106.36 g2 0.23 0.88
106.59 e3 0.23 0.88
106.59 c3 0.23 0.88
106.82 g2 0.23 0.88
107.05 e3 0.23 0.88
107.05 c3 0.23 0.88
107.27 f3 0.11 0.88
107.27 b2 0.11 0.88
107.27 g2 0.11 0.88
107.73 f3 0.23 0.88
107.73 d3 0.23 0.88
107.73 g2 0.23 0.88
108.18 e3 0.11 0.88
108.18 c3 0.11 0.88
108.64 c3 0.11 0.88
108.64 c2 0.11 0.88
109.09 b3 0.11 0.63
109.09 b2 0.11 0.63
109.32 f#3 0.11 0.63
109.55 b3 0.45 0.63
109.55 b2 0.45 0.63
110.00 b3 0.11 0.63
110.00 b2 0.11 0.63
110.23 g3 0.11 0.63
110.45 b3 0.45 0.63
110.45 b2 0.45 0.63
110.91 b3 0.11 0.63
111.14 b2 0.11 0.63
111.36 d#3 0.11 0.63
111.59 f#3 0.11 0.63
111.82 b3 0.11 0.63
111.82 b2 0.11 0.63
112.27 b2 0.23 0.63
112.27 b1 0.23 0.63
112.73 e3 0.23 0.63
112.95 b3 0.23 0.63
112.95 g3 0.23 0.63
113.18 e3 0.23 0.39
113.41 b3 0.23 0.39
113.41 g3 0.23 0.39
113.64 e3 0.23 0.39
113.86 b3 0.23 0.39
113.86 g3 0.23 0.39
114.09 e3 0.23 0.39
114.32 b3 0.23 0.39
114.32 g3 0.23 0.39
114.55 e3 0.23 0.39
114.77 c4 0.23 0.39
114.77 a3 0.23 0.39
115.00 e3 0.23 0.39
115.23 c4 0.23 0.39
115.23 a3 0.23 0.39
115.45 e3 0.23 0.39
115.68 b3 0.23 0.39
115.68 g3 0.23 0.39
115.91 e3 0.23 0.39
116.14 b3 0.23 0.39
116.14 g3 0.23 0.39
116.36 a2 0.23 0.39
116.59 f#3 0.23 0.39
116.59 e3 0.23 0.39
116.82 a2 0.23 0.39
117.05 f#3 0.23 0.39
117.05 e3 0.23 0.39
117.27 b2 0.23 0.39
117.50 g3 0.23 0.39
117.50 e3 0.23 0.39
117.73 b2 0.23 0.39
117.95 g3 0.23 0.39
117.95 e3 0.23 0.39
118.18 b2 0.23 0.39
118.41 a3 0.23 0.39
118.41 f#3 0.23 0.39
118.64 b2 0.23 0.39
118.86 a3 0.23 0.39
118.86 f#3 0.23 0.39
119.09 g3 0.11 0.39
119.09 e3 0.11 0.39
119.32 a3 0.11 0.39
119.32 b2 0.11 0.39
119.55 g3 0.45 0.39
119.55 e3 0.45 0.39
120.00 e3 0.23 0.39
120.23 b3 0.23 0.39
120.23 g3 0.23 0.39
120.45 e3 0.23 0.39
120.68 b3 0.23 0.39
120.68 g3 0.23 0.39
120.91 e3 0.23 0.39
121.14 b3 0.23 0.39
121.14 g3 0.23 0.39
121.36 e3 0.23 0.39
121.59 b3 0.23 0.39
121.59 g3 0.23 0.39
121.82 e3 0.23 0.39
122.05 c4 0.23 0.39
122.05 a3 0.23 0.39
122.27 e3 0.23 0.39
122.50 c4 0.23 0.39
122.50 a3 0.23 0.39
122.73 e3 0.23 0.39
122.95 b3 0.23 0.39
122.95 g3 0.23 0.39
123.18 e3 0.23 0.39
123.41 b3 0.23 0.39
123.41 g3 0.23 0.39
123.64 f#3 0.23 0.63
123.86 d4 0.23 0.63
123.86 b3 0.23 0.63
124.09 f#3 0.23 0.63
124.32 d4 0.23 0.63
124.32 b3 0.23 0.63
124.55 f#3 0.23 0.63
124.77 d4 0.23 0.63
124.77 b3 0.23 0.63
125.00 f#3 0.23 0.63
125.23 d4 0.23 0.63
125.23 b3 0.23 0.63
125.45 e4 0.23 0.76
125.45 a#3 0.23 0.76
125.45 f#3 0.23 0.76
125.91 e4 0.23 0.76
125.91 c#4 0.23 0.76
125.91 f#3 0.23 0.76
126.36 d4 0.11 0.76
126.36 b3 0.11 0.76
126.82 b3 0.11 0.76
126.82 b2 0.11 0.76
127.27 e3 0.23 0.88
127.27 e2 0.23 0.88
127.73 g3 0.23 0.88
127.73 g2 0.23 0.88
128.18 b3 0.91 0.88
128.18 b2 0.91 0.88
129.09 a3 0.23 0.88
129.09 a2 0.23 0.88
129.55 c4 0.23 0.88
129.55 c3 0.23 0.88
130.00 e4 0.91 0.88
130.00 e3 0.91 0.88
130.91 d#3 0.23 0.39
131.14 b3 0.23 0.39
131.14 a3 0.23 0.39
131.36 d#3 0.23 0.39
131.59 b3 0.23 0.39
131.59 a3 0.23 0.39
131.82 f#3 0.23 0.39
132.05 b3 0.23 0.39
132.05 a3 0.23 0.39
132.27 b2 0.23 0.39
132.50 b3 0.23 0.39
132.50 a3 0.23 0.39
132.73 e3 0.23 0.39
132.95 b3 0.23 0.39
132.95 g3 0.23 0.39
133.18 b2 0.23 0.39
133.41 b3 0.23 0.39
133.41 g3 0.23 0.39
133.64 e3 0.23 0.39
133.86 b3 0.23 0.39
133.86 g3 0.23 0.39
134.09 b2 0.23 0.39
134.32 b3 0.23 0.39
134.32 g3 0.23 0.39
134.55 e3 0.23 0.88
134.55 e2 0.23 0.88
135.00 g3 0.23 0.88
135.00 g2 0.23 0.88
135.45 b3 0.91 0.88
135.45 b2 0.91 0.88
136.36 a3 0.23 0.88
136.36 a2 0.23 0.88
136.82 c4 0.23 0.88
136.82 c3 0.23 0.88
137.27 e4 0.91 0.88
137.27 e3 0.91 0.88
138.18 b2 0.23 0.88
138.41 g3 0.23 0.88
138.41 e3 0.23 0.88
138.64 b2 0.23 0.88
138.86 g3 0.23 0.88
138.86 e3 0.23 0.88
139.09 b2 0.23 0.88
139.32 g3 0.23 0.88
139.32 e3 0.23 0.88
139.55 b2 0.23 0.88
139.77 g3 0.23 0.88
139.77 e3 0.23 0.88
140.00 a3 0.11 0.88
140.00 d#3 0.11 0.88
140.00 b2 0.11 0.88
140.45 a3 0.11 0.88
140.45 d#3 0.11 0.88
140.45 b2 0.11 0.88
140.91 g3 0.11 0.88
140.91 e3 0.11 0.88
141.36 e3 0.11 0.88
141.36 e2 0.11 0.88
141.82 a3 0.11 0.88
141.82 a2 0.11 0.88
142.27 b3 0.11 0.88
142.27 b2 0.11 0.88
142.73 e3 0.11 0.88
142.73 e2 0.11 0.88
end
