# Outputted with MidiToZac v0.2
# Start of Music
bpm 60

num_parts 3

# Instrument: 

part
num_notes 869
0.00 c5 1.00 0.63
1.00 d#5 1.00 0.63
2.00 g5 1.00 0.63
3.00 g#5 1.00 0.63
4.00 b4 1.00 0.63
5.50 g5 0.50 0.63
6.00 f#5 1.00 0.63
7.00 f5 1.00 0.63
8.00 e5 1.00 0.63
9.00 d#5 1.00 0.63
10.50 d5 0.50 0.63
11.00 c#5 0.50 0.63
11.50 c5 0.50 0.63
12.00 b4 0.50 0.63
12.50 a4 0.25 0.63
12.75 g4 0.25 0.63
13.00 c5 0.50 0.63
13.50 f5 0.50 0.63
14.00 d#5 1.00 0.63
15.00 d5 0.06 0.63
15.06 d#5 0.06 0.63
15.12 d5 0.06 0.63
15.19 d#5 0.06 0.63
15.25 d5 0.06 0.63
15.31 d#5 0.06 0.63
15.38 d5 0.06 0.63
15.44 d#5 0.06 0.63
15.50 d5 0.06 0.63
15.56 d#5 0.06 0.63
15.62 d5 0.06 0.63
15.69 d#5 0.06 0.63
15.75 d5 0.06 0.63
15.81 d#5 0.06 0.63
15.88 d5 0.06 0.63
15.94 d#5 0.06 0.63
16.00 c5 0.50 0.63
16.50 c6 0.50 0.63
17.00 f#5 0.50 0.63
17.50 a5 0.50 0.63
18.00 a#4 0.50 0.63
18.50 d6 0.50 0.63
19.00 g5 0.50 0.63
19.50 a#5 0.50 0.63
20.00 d#5 0.50 0.63
20.50 g5 0.50 0.63
21.00 c5 0.50 0.63
21.50 c6 1.00 0.63
22.50 a#5 0.25 0.63
22.75 a5 0.25 0.63
23.00 a#5 0.25 0.63
23.25 a5 0.25 0.63
23.50 g5 0.25 0.63
23.75 f5 0.25 0.63
24.00 e5 0.25 0.63
24.25 d5 0.25 0.63
24.50 e5 1.00 0.63
25.50 f#5 0.50 0.63
26.00 g5 0.25 0.63
26.25 d5 0.25 0.63
26.50 g5 0.25 0.63
26.75 a5 0.25 0.63
27.00 g5 0.25 0.63
27.25 f5 0.25 0.63
27.50 d#5 0.25 0.63
27.75 d5 0.25 0.63
28.00 c5 1.25 0.63
29.25 d5 0.25 0.63
29.50 d#5 0.25 0.63
29.75 c5 0.25 0.63
30.00 d5 0.50 0.63
30.50 c6 0.50 0.63
31.00 a#5 0.50 0.63
31.50 a5 0.50 0.63
32.00 d6 0.50 0.63
32.50 g5 1.00 0.63
33.50 f#5 0.50 0.63
34.00 g5 0.50 0.63
34.50 a#5 0.50 0.63
35.00 e5 0.50 0.63
35.50 g5 0.50 0.63
36.00 c5 0.50 0.63
36.50 d5 0.25 0.63
36.75 e5 0.25 0.63
37.00 f5 1.50 0.63
38.50 g#5 0.50 0.63
39.00 d5 0.50 0.63
39.50 f5 0.50 0.63
40.00 a#4 0.50 0.63
40.50 c5 0.25 0.63
40.75 d5 0.25 0.63
41.00 d#5 1.50 0.63
42.50 d5 0.25 0.63
42.75 c5 0.25 0.63
43.00 d5 0.25 0.63
43.25 c5 0.25 0.63
43.50 b4 0.25 0.63
43.75 a4 0.25 0.63
44.00 g4 0.50 0.63
44.50 a4 0.25 0.63
44.75 b4 0.25 0.63
45.00 c5 0.25 0.63
45.25 b4 0.25 0.63
45.50 c5 1.00 0.63
46.50 a#4 1.00 0.63
47.50 g#4 0.50 0.63
48.00 g4 1.00 0.63
50.25 d#5 0.25 0.63
50.50 d5 0.25 0.63
50.75 c5 0.25 0.63
51.00 d5 0.25 0.63
51.25 f5 0.25 0.63
51.50 d#5 0.25 0.63
51.75 d5 0.25 0.63
52.00 g5 1.25 0.63
53.25 c#5 0.25 0.63
53.50 c5 0.25 0.63
53.75 a#4 0.25 0.63
54.00 a4 0.25 0.63
54.25 g4 0.25 0.63
54.50 a4 0.25 0.63
54.75 c5 0.25 0.63
55.00 f5 1.50 0.63
56.50 b4 0.50 0.63
57.25 c5 0.50 0.63
57.75 b4 0.25 0.63
58.00 c5 0.25 0.63
58.25 a#4 0.25 0.63
58.50 g#4 0.25 0.63
58.75 g4 0.25 0.63
59.00 f4 0.25 0.63
59.25 g#4 0.25 0.63
59.50 g4 0.25 0.63
59.75 f4 0.25 0.63
60.00 d#4 0.50 0.63
60.50 d#5 0.50 0.63
61.00 d5 0.50 0.63
61.50 c#5 0.50 0.63
62.00 c5 0.50 0.63
62.50 a#4 1.00 0.63
63.50 a4 0.50 0.63
64.00 d5 0.50 0.63
64.50 c#5 0.50 0.63
65.00 c5 0.50 0.63
65.50 b4 0.50 0.63
66.00 a#4 0.50 0.63
66.50 g#4 1.00 0.63
67.50 g4 0.50 0.63
68.00 c5 0.50 0.63
68.50 b4 0.50 0.63
69.00 a#4 1.00 0.63
70.00 a4 0.50 0.63
70.50 g#4 0.50 0.63
71.00 g4 1.00 0.63
72.00 g4 0.25 0.63
72.25 f4 0.25 0.63
72.50 d#4 0.25 0.63
72.75 d4 0.25 0.63
73.00 c4 0.25 0.63
73.25 d#4 0.25 0.63
73.50 d4 0.25 0.63
73.75 c4 0.25 0.63
74.00 b3 0.50 0.63
76.17 g4 0.17 0.63
76.33 c5 0.17 0.63
76.50 d#5 0.17 0.63
76.67 c5 0.17 0.63
76.83 d#5 0.17 0.63
77.00 g5 0.17 0.63
77.17 c#5 0.17 0.63
77.33 c5 0.17 0.63
77.50 a#4 0.17 0.63
77.67 g#4 0.17 0.63
77.83 g4 0.17 0.63
78.00 g#4 0.50 0.63
80.17 f4 0.17 0.63
80.33 a#4 0.17 0.63
80.50 c#5 0.17 0.63
80.67 a#4 0.17 0.63
80.83 c#5 0.17 0.63
81.00 f5 0.17 0.63
81.17 b4 0.17 0.63
81.33 a#4 0.17 0.63
81.50 g#4 0.17 0.63
81.67 f#4 0.17 0.63
81.83 f4 0.17 0.63
82.00 f#4 0.25 0.63
82.25 d#5 0.50 0.63
82.75 d5 0.25 0.63
83.00 d#5 0.25 0.63
83.25 a#4 0.25 0.63
83.50 c5 0.75 0.63
84.25 a#4 0.50 0.63
84.75 a4 0.25 0.63
85.00 a#4 0.25 0.63
85.25 f4 0.25 0.63
85.50 g4 0.50 0.63
86.00 g#4 0.25 0.63
86.25 f5 0.50 0.63
86.75 e5 0.25 0.63
87.00 f5 0.25 0.63
87.25 c5 0.25 0.63
87.50 d5 0.75 0.63
88.25 c5 0.50 0.63
88.75 b4 0.25 0.63
89.00 c5 0.25 0.63
89.25 g4 0.25 0.63
89.50 a4 0.50 0.63
90.00 a#4 0.17 0.63
90.17 g4 0.17 0.63
90.33 a#4 0.17 0.63
90.50 d5 0.17 0.63
90.67 a#4 0.17 0.63
90.83 d5 0.17 0.63
91.00 g5 1.17 0.63
92.17 f#5 0.17 0.63
92.33 e5 0.17 0.63
92.50 f#5 0.17 0.63
92.67 a5 0.17 0.63
92.83 d6 0.17 0.63
93.00 c6 2.25 0.63
95.25 a5 0.25 0.63
95.50 a#5 0.75 0.63
96.25 a5 0.25 0.63
96.50 a#5 0.25 0.63
96.75 g5 0.25 0.63
97.00 a5 1.25 0.63
98.25 g5 0.25 0.63
98.50 g#5 0.25 0.63
98.75 f#5 0.25 0.63
99.00 g5 0.75 0.63
99.75 f5 0.25 0.63
100.00 e5 1.25 0.63
101.25 d5 0.25 0.63
101.50 d#5 0.25 0.63
101.75 c5 0.25 0.63
102.00 d5 2.25 0.63
104.25 e5 0.25 0.63
104.50 f#5 0.25 0.63
104.75 g5 0.25 0.63
105.00 f#5 0.25 0.63
105.25 e5 0.25 0.63
105.50 d5 0.25 0.63
105.75 c5 0.25 0.63
106.00 a#4 0.25 0.63
106.25 g4 0.25 0.63
106.50 a4 0.25 0.63
106.75 a#4 0.25 0.63
107.00 a4 0.25 0.63
107.25 g4 0.25 0.63
107.50 f#4 0.25 0.63
107.75 e4 0.25 0.63
108.00 d4 0.50 0.63
110.25 d5 0.25 0.63
110.50 d#5 0.25 0.63
110.75 f5 0.25 0.63
111.00 d#5 0.25 0.63
111.25 d5 0.25 0.63
111.50 c5 0.25 0.63
111.75 a#4 0.25 0.63
112.00 a4 0.25 0.63
112.25 b4 0.25 0.63
112.50 c5 0.25 0.63
112.75 d5 0.25 0.63
113.00 g4 0.50 0.63
113.50 f5 0.75 0.63
114.25 d5 0.25 0.63
114.50 d#5 0.25 0.63
114.75 f5 0.25 0.63
115.00 b4 0.50 0.63
115.50 g#5 0.75 0.63
116.25 f5 0.25 0.63
116.50 g5 0.25 0.63
116.75 g#5 0.25 0.63
117.00 g5 0.25 0.63
117.25 f5 0.25 0.63
117.50 d#5 0.25 0.63
117.75 d5 0.25 0.63
118.00 c5 0.25 0.63
118.25 d#5 0.25 0.63
118.50 f5 0.25 0.63
118.75 g5 0.25 0.63
119.00 f5 0.25 0.63
119.25 d#5 0.25 0.63
119.50 d5 0.25 0.63
119.75 c5 0.25 0.63
120.00 g5 0.50 0.63
120.50 g4 0.50 0.63
121.00 c5 0.25 0.63
121.25 d5 0.25 0.63
121.50 d#5 1.00 0.63
122.50 a4 0.50 0.63
123.00 b4 0.25 0.63
123.25 c5 0.25 0.63
123.50 d5 1.00 0.63
124.50 g4 0.50 0.63
125.00 a4 0.25 0.63
125.25 a#4 0.25 0.63
125.50 c5 0.75 0.63
126.25 a4 0.25 0.63
126.50 a#4 0.25 0.63
126.75 c5 0.25 0.63
127.00 a#4 0.25 0.63
127.25 a4 0.25 0.63
127.50 g4 0.25 0.63
127.75 f#4 0.25 0.63
128.00 g4 2.50 0.63
130.50 c5 1.00 0.63
131.50 a#4 1.00 0.63
132.50 g#4 0.25 0.63
132.75 g4 0.25 0.63
133.00 g#4 1.75 0.63
134.75 f#4 0.25 0.63
135.00 g4 1.75 0.63
136.75 e4 0.25 0.63
137.00 f4 0.25 0.63
137.25 g#4 0.25 0.63
137.50 a#4 0.25 0.63
137.75 c5 0.25 0.63
138.00 a#4 0.25 0.63
138.25 g#4 0.25 0.63
138.50 g4 0.25 0.63
138.75 f4 0.25 0.63
139.00 g4 0.25 0.63
139.25 a#4 0.25 0.63
139.50 c5 0.25 0.63
139.75 c#5 0.25 0.63
140.00 c5 0.25 0.63
140.25 a#4 0.25 0.63
140.50 g#4 0.25 0.63
140.75 g4 0.25 0.63
141.00 g#4 0.25 0.63
141.25 c5 0.25 0.63
141.50 d5 0.25 0.63
141.75 e5 0.25 0.63
142.00 f5 1.00 0.63
143.00 g#5 1.00 0.63
144.00 c6 1.00 0.63
145.00 c#6 1.00 0.63
146.00 e5 1.00 0.63
147.50 c6 0.50 0.63
148.00 b5 1.00 0.63
149.00 a#5 1.00 0.63
150.00 a5 1.00 0.63
151.00 g#5 1.50 0.63
152.50 g5 0.50 0.63
153.00 f#5 0.50 0.63
153.50 f5 0.50 0.63
154.00 e5 0.50 0.63
154.50 d5 0.25 0.63
154.75 c5 0.25 0.63
155.00 f5 0.50 0.63
155.50 a#5 0.50 0.63
156.00 g#5 1.00 0.63
157.00 g5 1.00 0.63
158.00 f#5 0.50 0.63
158.50 d#5 0.25 0.63
158.75 d5 0.25 0.63
159.00 g5 0.50 0.63
159.50 c6 0.50 0.63
160.00 b5 0.50 0.63
160.50 a#5 0.50 0.63
161.00 a5 0.50 0.63
161.50 g#5 0.50 0.63
162.00 g5 1.25 0.63
163.25 g5 0.25 0.63
163.50 a5 0.25 0.63
163.75 a#5 0.25 0.63
164.00 a5 0.25 0.63
164.25 g5 0.25 0.63
164.50 f5 0.75 0.63
165.25 f5 0.25 0.63
165.50 g5 0.25 0.63
165.75 g#5 0.25 0.63
166.00 g5 0.25 0.63
166.25 f5 0.25 0.63
166.50 d#5 0.75 0.63
167.25 c5 0.25 0.63
167.50 d5 0.25 0.63
167.75 d#5 0.25 0.63
168.00 d5 0.25 0.63
168.25 c5 0.25 0.63
168.50 f5 0.75 0.63
169.25 d5 0.25 0.63
169.50 d#5 0.25 0.63
169.75 f5 0.25 0.63
170.00 d#5 0.25 0.63
170.25 d5 0.25 0.63
170.50 g5 0.75 0.63
171.25 d#5 0.25 0.63
171.50 f5 0.25 0.63
171.75 d5 0.25 0.63
172.00 d#5 0.50 0.63
174.17 c5 0.17 0.63
174.33 f5 0.17 0.63
174.50 g#5 0.17 0.63
174.67 f5 0.17 0.63
174.83 g#5 0.17 0.63
175.00 c6 0.17 0.63
175.17 f#5 0.17 0.63
175.33 f5 0.17 0.63
175.50 d#5 0.17 0.63
175.67 c#5 0.17 0.63
175.83 c5 0.17 0.63
176.00 c#5 0.50 0.63
178.17 a#4 0.17 0.63
178.33 d#5 0.17 0.63
178.50 f#5 0.17 0.63
178.67 d#5 0.17 0.63
178.83 f#5 0.17 0.63
179.00 a#5 0.17 0.63
179.17 e5 0.17 0.63
179.33 d#5 0.17 0.63
179.50 c#5 0.17 0.63
179.67 b4 0.17 0.63
179.83 a#4 0.17 0.63
180.00 b4 0.50 0.63
181.75 g#4 0.25 0.63
182.00 g4 0.50 0.63
183.75 f#4 0.25 0.63
184.00 f4 0.50 0.63
185.75 a#4 0.25 0.63
186.00 a4 0.50 0.63
187.75 g#4 0.25 0.63
188.00 g4 0.50 0.63
189.25 g5 0.25 0.63
189.50 f5 0.25 0.63
189.75 d#5 0.25 0.63
190.00 d5 0.50 0.63
191.25 d#5 0.25 0.63
191.50 d5 0.25 0.63
191.75 c5 0.25 0.63
192.00 d5 0.25 0.63
192.25 g4 0.25 0.63
192.50 g#4 0.25 0.63
192.75 f4 0.25 0.63
193.00 g4 0.50 0.63
193.75 g5 0.25 0.63
194.00 a5 0.25 0.63
194.25 b5 0.25 0.63
194.50 c6 0.75 0.63
195.25 a5 0.25 0.63
195.50 b5 0.25 0.63
195.75 d6 0.25 0.63
196.00 g5 1.25 0.63
197.25 f#5 0.25 0.63
197.50 g5 0.75 0.63
198.25 c5 0.25 0.63
198.50 f5 0.25 0.63
198.75 e5 0.25 0.63
199.00 f5 1.25 0.63
200.25 d5 0.25 0.63
200.50 d#5 0.25 0.63
200.75 f5 0.25 0.63
201.00 d#5 0.25 0.63
201.25 d5 0.25 0.63
201.50 c5 0.25 0.63
201.75 b4 0.25 0.63
202.00 c5 0.25 0.63
202.25 b4 0.25 0.63
202.50 c5 0.25 0.63
202.75 d5 0.25 0.63
203.00 c5 0.25 0.63
203.25 a#4 0.25 0.63
203.50 a4 0.25 0.63
203.75 g4 0.25 0.63
204.00 a4 1.50 0.63
205.50 a#5 0.50 0.63
206.00 a5 0.50 0.63
206.50 d5 1.00 0.63
207.50 c5 0.75 0.63
208.25 a4 0.25 0.63
208.50 a#4 0.25 0.63
208.75 g4 0.25 0.63
209.00 e4 0.25 0.63
209.25 a#4 0.25 0.63
209.50 a4 0.25 0.63
209.75 d#4 0.25 0.63
210.00 d4 0.50 0.63
210.50 d5 0.50 0.63
211.00 c#5 0.50 0.63
211.50 c5 0.50 0.63
212.00 b4 0.25 0.63
212.25 a4 0.25 0.63
212.50 a#4 0.75 0.63
213.25 a4 0.25 0.63
213.50 d#5 0.75 0.63
214.25 d5 0.25 0.63
214.50 g5 0.50 0.63
215.50 a5 0.25 0.63
215.75 c5 0.25 0.63
216.00 c5 0.25 0.63
216.25 a#4 0.25 0.63
217.25 c#5 0.25 0.63
217.50 c5 0.25 0.63
217.75 a#4 0.25 0.63
218.25 a#4 0.25 0.63
218.50 g#4 0.25 0.63
218.75 g4 0.25 0.63
219.25 g4 0.25 0.63
219.50 f4 0.25 0.63
219.75 e4 0.25 0.63
220.00 e4 0.25 0.63
220.25 f4 0.25 0.63
220.75 d5 0.25 0.63
221.25 f5 0.25 0.63
221.75 d5 0.25 0.63
222.25 c6 0.25 0.63
222.50 a#5 0.25 0.63
222.75 g#5 0.25 0.63
223.25 g#5 0.25 0.63
223.50 g5 0.25 0.63
223.75 f5 0.25 0.63
224.00 f5 0.25 0.63
224.25 g5 0.25 0.63
224.75 c5 0.25 0.63
225.00 c5 0.25 0.63
225.25 b4 0.25 0.63
225.50 f5 1.00 0.63
226.50 d#5 0.25 0.63
226.75 g#4 0.25 0.63
227.00 g#4 0.25 0.63
227.25 g4 0.25 0.63
227.50 c#5 1.00 0.63
228.50 c5 0.25 0.63
228.75 d#5 0.25 0.63
229.00 d5 0.25 0.63
229.25 c#5 0.25 0.63
229.50 c5 0.25 0.63
229.75 b4 0.25 0.63
230.00 b4 0.25 0.63
230.25 a#4 0.25 0.63
231.75 d#5 0.25 0.63
232.00 d#5 0.25 0.63
232.25 d5 0.25 0.63
232.75 g#4 0.25 0.63
233.00 g4 0.25 0.63
233.25 f#4 0.25 0.63
233.50 f4 0.25 0.63
233.75 e4 0.25 0.63
234.00 e4 0.25 0.63
234.25 d#4 0.25 0.63
234.75 d#4 0.25 0.63
235.00 e4 0.25 0.63
235.25 f4 0.25 0.63
235.50 f#4 0.25 0.63
235.75 g4 0.25 0.63
236.00 g#4 0.25 0.63
236.25 g4 0.25 0.63
236.50 f#4 0.25 0.63
236.75 f4 0.25 0.63
237.00 a#4 1.25 0.63
238.25 g4 0.25 0.63
238.50 g#4 0.25 0.63
238.75 f4 0.25 0.63
239.00 f#4 0.25 0.63
239.25 g4 0.25 0.63
239.50 g#4 0.25 0.63
239.75 a4 0.25 0.63
240.00 a#4 0.25 0.63
240.25 a4 0.25 0.63
240.50 g#4 0.25 0.63
240.75 g4 0.25 0.63
241.00 c5 1.25 0.63
242.25 a4 0.25 0.63
242.50 a#4 0.50 0.63
244.50 g4 0.50 0.63
245.00 f#4 0.50 0.63
245.50 f4 1.00 0.63
246.50 d#4 0.25 0.63
246.75 d4 0.25 0.63
247.00 d#4 0.17 0.63
247.17 f4 0.17 0.63
247.33 g4 0.17 0.63
247.50 g#4 0.17 0.63
247.67 g4 0.17 0.63
247.83 f4 0.17 0.63
248.00 d#4 0.50 0.63
248.50 c5 0.50 0.63
249.00 b4 0.50 0.63
249.50 a#4 0.50 0.63
250.00 a4 0.50 0.63
250.50 g#4 1.00 0.63
251.50 g4 0.25 0.63
251.75 f4 0.25 0.63
252.00 e4 0.25 0.63
252.25 d4 0.12 0.63
252.38 c4 0.12 0.63
252.50 f4 0.25 0.63
252.75 a#4 0.25 0.63
253.00 g#4 0.50 0.63
253.50 g4 0.50 0.63
254.00 f4 0.17 0.63
254.17 g4 0.17 0.63
254.33 g#4 0.17 0.63
254.50 a#4 0.17 0.63
254.67 g#4 0.17 0.63
254.83 g4 0.17 0.63
255.00 g#4 0.17 0.63
255.17 a#4 0.17 0.63
255.33 c5 0.17 0.63
255.50 c#5 0.17 0.63
255.67 c5 0.17 0.63
255.83 a#4 0.17 0.63
256.00 c5 0.50 0.63
256.50 f5 1.00 0.63
257.50 d#5 0.75 0.63
258.25 c#5 0.25 0.63
258.50 c5 0.25 0.63
258.75 a#4 0.25 0.63
259.00 g#4 0.25 0.63
259.25 b4 0.25 0.63
259.50 a#4 0.25 0.63
259.75 g#4 0.25 0.63
260.00 a#4 0.50 0.63
260.50 d#5 1.00 0.63
261.50 c#5 0.75 0.63
262.25 c5 0.25 0.63
262.50 a#4 0.25 0.63
262.75 g#4 0.25 0.63
263.00 f#4 0.25 0.63
263.25 a4 0.25 0.63
263.50 g#4 0.25 0.63
263.75 f#4 0.25 0.63
264.00 g#4 0.50 0.63
264.50 c#5 1.00 0.63
265.50 c5 1.00 0.63
266.50 a#4 1.00 0.63
267.50 g#4 0.25 0.63
267.75 g4 0.25 0.63
268.00 f4 1.00 0.63
269.50 a#4 0.75 0.63
270.25 g#4 0.25 0.63
270.50 g4 0.25 0.63
270.75 f4 0.25 0.63
271.00 e4 0.25 0.63
271.25 c#5 0.25 0.63
271.50 c5 0.25 0.63
271.75 a#4 0.25 0.63
272.00 g#4 0.25 0.63
272.25 g4 0.25 0.63
272.50 f4 0.25 0.63
272.75 g4 0.25 0.63
273.00 g#4 1.25 0.63
274.25 c5 0.25 0.63
274.50 a#4 0.25 0.63
274.75 g#4 0.25 0.63
275.00 g4 0.25 0.63
275.25 f5 0.25 0.63
275.50 d#5 0.25 0.63
275.75 c#5 0.25 0.63
276.00 c5 0.25 0.63
276.25 a#4 0.25 0.63
276.50 g#4 0.25 0.63
276.75 a#4 0.25 0.63
277.00 c5 1.50 0.63
278.50 b4 0.50 0.63
280.00 c5 1.00 0.63
281.00 d#5 1.00 0.63
282.00 g5 1.00 0.63
283.00 g#5 1.00 0.63
284.00 b4 1.00 0.63
285.50 g5 0.50 0.63
286.00 f#5 1.00 0.63
287.00 f5 1.00 0.63
288.00 e5 1.00 0.63
289.00 d#5 1.50 0.63
290.50 d5 0.50 0.63
291.00 c#5 0.50 0.63
291.50 c5 0.50 0.63
292.00 b4 0.50 0.63
292.50 a4 0.25 0.63
292.75 g4 0.25 0.63
293.00 c5 0.50 0.63
293.50 f5 0.50 0.63
294.00 d#5 1.00 0.63
295.00 d5 0.50 0.63
295.50 c#5 0.50 0.63
296.00 c5 0.25 0.63
296.25 g5 0.25 0.63
296.50 g#5 0.25 0.63
296.75 a#5 0.25 0.63
297.00 g#5 0.25 0.63
297.25 g5 0.25 0.63
297.50 f#5 0.25 0.63
297.75 g5 0.25 0.63
298.00 f#5 1.25 0.63
299.25 f#5 0.25 0.63
299.50 g5 0.25 0.63
299.75 a5 0.25 0.63
300.00 g5 0.25 0.63
300.25 f5 0.25 0.63
300.50 d#5 0.25 0.63
300.75 d5 0.25 0.63
301.00 d#5 0.25 0.63
301.25 c5 0.25 0.63
301.50 d5 0.25 0.63
301.75 d#5 0.25 0.63
302.00 d5 1.25 0.63
303.25 c5 0.25 0.63
303.50 a#4 0.25 0.63
303.75 a4 0.25 0.63
304.00 a#4 0.25 0.63
304.25 d5 0.25 0.63
304.50 g5 0.50 0.63
305.00 d5 0.25 0.63
305.25 g5 0.25 0.63
305.50 a#5 0.75 0.63
306.25 g5 0.25 0.63
306.50 a5 0.25 0.63
306.75 a#5 0.50 0.63
307.25 a5 0.12 0.63
307.38 g5 0.12 0.63
307.50 f#5 0.12 0.63
307.62 g5 0.12 0.63
307.75 a5 0.25 0.63
308.00 d5 0.50 0.63
308.50 d6 0.50 0.63
309.00 g5 0.25 0.63
309.25 a5 0.25 0.63
309.50 a#5 1.00 0.63
310.50 e5 0.50 0.63
311.00 f#5 0.25 0.63
311.25 g5 0.25 0.63
311.50 a5 1.00 0.63
312.50 d5 0.50 0.63
313.00 e5 0.25 0.63
313.25 f5 0.25 0.63
313.50 g5 0.75 0.63
314.25 e5 0.25 0.63
314.50 f5 0.25 0.63
314.75 g5 0.25 0.63
315.00 f5 0.25 0.63
315.25 e5 0.25 0.63
315.50 d5 0.25 0.63
315.75 c#5 0.25 0.63
316.00 d5 2.50 0.63
318.50 g5 1.00 0.63
319.50 f#5 0.50 0.63
320.00 g5 0.50 0.63
320.50 d6 0.50 0.63
321.00 g5 0.50 0.63
321.50 a#5 0.50 0.63
322.00 e5 0.25 0.63
322.25 f5 0.25 0.63
322.50 g5 0.25 0.63
322.75 e5 0.25 0.63
323.00 c5 0.50 0.63
323.50 a#5 1.00 0.63
324.50 g#5 0.25 0.63
324.75 g5 0.25 0.63
325.00 g#5 0.25 0.63
325.25 g5 0.25 0.63
325.50 f5 0.25 0.63
325.75 d#5 0.25 0.63
326.00 d5 0.25 0.63
326.25 d#5 0.25 0.63
326.50 f5 0.25 0.63
326.75 g5 0.25 0.63
327.00 g#5 0.25 0.63
327.25 g5 0.25 0.63
327.50 g#5 1.00 0.63
328.50 g5 0.25 0.63
328.75 f5 0.25 0.63
329.00 g5 0.25 0.63
329.25 f5 0.25 0.63
329.50 d#5 0.25 0.63
329.75 d5 0.25 0.63
330.00 c5 0.50 0.63
330.50 d5 0.25 0.63
330.75 d#5 0.25 0.63
331.00 f5 1.50 0.63
332.50 d#5 0.25 0.63
332.75 d5 0.25 0.63
333.00 d#5 0.25 0.63
333.25 d5 0.25 0.63
333.50 c5 0.25 0.63
333.75 a#4 0.25 0.63
334.00 a4 0.50 0.63
334.50 g#4 0.50 0.63
335.00 g4 0.50 0.63
335.50 f4 2.25 0.63
337.75 d#4 0.25 0.63
338.00 d4 0.50 0.63
338.50 g4 1.00 0.63
339.50 f#4 0.50 0.63
340.00 g4 0.25 0.63
340.25 d5 0.25 0.63
340.50 d#5 0.25 0.63
340.75 f5 0.25 0.63
341.00 d#5 0.25 0.63
341.25 d5 0.25 0.63
341.50 c5 0.25 0.63
341.75 a#4 0.25 0.63
342.00 a4 0.25 0.63
342.25 c5 0.25 0.63
342.50 d5 0.25 0.63
342.75 d#5 0.25 0.63
343.00 d5 0.25 0.63
343.25 c5 0.25 0.63
343.50 b4 0.25 0.63
343.75 a4 0.25 0.63
344.00 g4 0.25 0.63
344.25 b4 0.25 0.63
344.50 c5 0.25 0.63
344.75 d5 0.25 0.63
345.00 c5 0.25 0.63
345.25 a#4 0.25 0.63
345.50 a4 0.25 0.63
345.75 g4 0.25 0.63
346.00 f#4 1.00 0.63
347.50 d#5 0.50 0.63
348.00 f4 0.25 0.63
348.25 d4 0.25 0.63
348.50 d#4 0.25 0.63
348.75 f4 0.25 0.63
349.00 d#4 0.25 0.63
349.25 d4 0.25 0.63
349.50 c4 0.25 0.63
349.75 b3 0.25 0.63
350.00 c4 0.25 0.63
350.25 f4 0.25 0.63
350.50 g4 0.25 0.63
350.75 g#4 0.25 0.63
351.00 g4 0.25 0.63
351.25 f4 0.25 0.63
351.50 d#4 0.25 0.63
351.75 d4 0.25 0.63
352.00 d#4 1.25 0.63
353.25 a#4 0.25 0.63
353.50 g#4 0.25 0.63
353.75 g4 0.25 0.63
354.00 f#4 0.25 0.63
354.25 d#5 0.25 0.63
354.50 d5 0.75 0.63
355.25 g#5 0.25 0.63
355.50 g5 0.25 0.63
355.75 f5 0.25 0.63
356.00 e5 0.25 0.63
356.25 c#6 0.25 0.63
356.50 c6 1.00 0.63
357.50 f5 0.75 0.63
358.25 d5 0.25 0.63
358.50 d#5 0.25 0.63
358.75 c5 0.25 0.63
359.00 a4 0.25 0.63
359.25 d#5 0.25 0.63
359.50 d5 0.25 0.63
359.75 g#4 0.25 0.63
360.00 g4 0.25 0.63
360.25 f#4 0.25 0.63
360.50 g4 0.50 0.63
361.00 f#4 0.50 0.63
361.50 f4 0.50 0.63
362.00 e4 0.25 0.63
362.25 d4 0.25 0.63
362.50 d#4 0.75 0.63
363.25 d4 0.25 0.63
363.50 g#4 0.75 0.63
364.25 g4 0.25 0.63
364.50 c5 0.50 0.63
365.50 d5 0.25 0.63
365.75 f4 0.25 0.63
366.00 f4 0.25 0.63
366.25 d#4 0.25 0.63
366.75 c5 0.25 0.63
367.25 c5 0.25 0.63
367.75 b4 0.25 0.63
368.00 b4 0.50 0.63
368.50 c5 0.50 0.63
end

# Instrument: 

part
num_notes 776
18.00 g4 1.00 0.63
19.00 a#4 1.00 0.63
20.00 c5 1.00 0.63
21.00 d#5 1.00 0.63
22.00 f#4 1.00 0.63
23.50 d5 0.50 0.63
24.00 c#5 1.00 0.63
25.00 c5 1.00 0.63
26.00 b4 1.00 0.63
27.00 a#4 1.50 0.63
28.50 a4 0.50 0.63
29.00 g#4 0.50 0.63
29.50 g4 0.50 0.63
30.00 f#4 0.50 0.63
30.50 e4 0.25 0.63
30.75 d4 0.25 0.63
31.00 g4 0.50 0.63
31.50 c5 0.50 0.63
32.00 a#4 1.00 0.63
33.00 a4 1.00 0.63
34.00 g4 1.00 0.63
35.50 a#4 1.00 0.63
36.50 g#4 0.25 0.63
36.75 g4 0.25 0.63
37.00 g#4 0.25 0.63
37.25 g4 0.25 0.63
37.50 f4 0.25 0.63
37.75 d#4 0.25 0.63
38.00 d4 0.25 0.63
38.25 d#4 0.25 0.63
38.50 f4 0.25 0.63
38.75 g4 0.25 0.63
39.00 g#4 0.25 0.63
39.25 g4 0.25 0.63
39.50 g#4 1.00 0.63
40.50 g4 0.25 0.63
40.75 f4 0.25 0.63
41.00 g4 0.25 0.63
41.25 f4 0.25 0.63
41.50 d#4 0.25 0.63
41.75 d4 0.25 0.63
42.00 c4 0.50 0.63
42.50 d4 0.25 0.63
42.75 d#4 0.25 0.63
43.00 f4 0.25 0.63
43.25 d#4 0.25 0.63
43.50 f4 2.25 0.63
45.75 d#4 0.25 0.63
46.00 d4 0.50 0.63
46.50 g4 0.50 0.63
47.00 c4 0.50 0.63
47.50 f4 1.00 0.63
48.50 d#4 0.25 0.63
48.75 d4 0.25 0.63
49.00 d#4 0.25 0.63
49.25 d4 0.25 0.63
49.50 c4 0.25 0.63
49.75 a#3 0.25 0.63
50.00 a3 0.25 0.63
50.25 g3 0.25 0.63
50.50 a3 1.00 0.63
51.50 b3 0.50 0.63
52.00 c4 0.25 0.63
52.25 g3 0.25 0.63
52.50 c4 0.25 0.63
52.75 d4 0.25 0.63
53.00 c4 0.25 0.63
53.25 a#3 0.25 0.63
53.50 g#3 0.25 0.63
53.75 g3 0.25 0.63
54.00 f3 1.25 0.63
55.25 g3 0.25 0.63
55.50 g#3 0.25 0.63
55.75 f3 0.25 0.63
56.00 g3 0.50 0.63
56.50 f4 0.50 0.63
57.00 d#4 0.50 0.63
57.50 d4 0.50 0.63
58.00 g4 0.50 0.63
58.50 c4 1.00 0.63
59.50 b3 0.50 0.63
60.00 c4 0.50 0.63
60.50 c5 1.00 0.63
61.50 a#4 0.75 0.63
62.25 g#4 0.25 0.63
62.50 g4 0.25 0.63
62.75 f4 0.25 0.63
63.00 d#4 0.25 0.63
63.25 f#4 0.25 0.63
63.50 f4 0.25 0.63
63.75 d#4 0.25 0.63
64.00 f4 0.50 0.63
64.50 a#4 1.00 0.63
65.50 g#4 0.75 0.63
66.25 g4 0.25 0.63
66.50 f4 0.25 0.63
66.75 d#4 0.25 0.63
67.00 c#4 0.25 0.63
67.25 e4 0.25 0.63
67.50 d#4 0.25 0.63
67.75 c#4 0.25 0.63
68.00 d#4 0.50 0.63
68.50 g#4 1.00 0.63
69.50 g4 1.00 0.63
70.50 f4 1.00 0.63
71.50 d#4 0.25 0.63
71.75 d4 0.25 0.63
72.00 c4 0.50 0.63
72.50 c3 0.50 0.63
73.00 f3 0.50 0.63
73.50 f#3 0.50 0.63
74.00 g3 0.17 0.63
74.17 d3 0.17 0.63
74.33 g3 0.17 0.63
74.50 b3 0.17 0.63
74.67 g3 0.17 0.63
74.83 b3 0.17 0.63
75.00 d4 0.17 0.63
75.17 g#3 0.17 0.63
75.33 g3 0.17 0.63
75.50 f3 0.17 0.63
75.67 d#3 0.17 0.63
75.83 d3 0.17 0.63
76.00 d#3 0.50 0.63
78.17 c3 0.17 0.63
78.33 f3 0.17 0.63
78.50 g#3 0.17 0.63
78.67 f3 0.17 0.63
78.83 g#3 0.17 0.63
79.00 c4 0.17 0.63
79.17 f#3 0.17 0.63
79.33 f3 0.17 0.63
79.50 d#3 0.17 0.63
79.67 c#3 0.17 0.63
79.83 c3 0.17 0.63
80.00 c#3 0.50 0.63
83.75 d#4 0.25 0.63
84.00 d4 0.25 0.63
85.75 c#4 0.25 0.63
86.00 c4 0.25 0.63
87.75 f4 0.25 0.63
88.00 e4 0.25 0.63
89.75 d#4 0.25 0.63
90.00 d4 0.25 0.63
91.25 d5 0.25 0.63
91.50 c5 0.25 0.63
91.75 a#4 0.25 0.63
92.00 a4 0.25 0.63
94.00 a5 0.25 0.63
94.25 d5 0.25 0.63
94.50 d#5 0.25 0.63
94.75 c5 0.25 0.63
95.00 d5 0.50 0.63
95.62 a5 0.12 0.63
95.75 g5 0.12 0.63
95.88 f#5 0.12 0.63
96.00 g5 1.25 0.63
97.25 e5 0.25 0.63
97.50 f#5 0.25 0.63
97.75 a5 0.25 0.63
98.00 d5 1.25 0.63
99.25 c#5 0.25 0.63
99.50 d5 0.50 0.63
100.25 g4 0.25 0.63
100.50 c5 0.25 0.63
100.75 b4 0.25 0.63
101.00 c5 1.25 0.63
102.25 g#4 0.25 0.63
102.50 a#4 0.25 0.63
102.75 c5 0.25 0.63
103.00 a#4 0.25 0.63
103.25 g#4 0.25 0.63
103.50 g4 0.25 0.63
103.75 f#4 0.25 0.63
104.00 g4 0.50 0.63
104.50 d3 0.50 0.63
105.50 f#3 0.50 0.63
106.00 g3 0.50 0.63
108.25 a#3 0.25 0.63
108.50 c4 0.25 0.63
108.75 d4 0.25 0.63
109.00 c4 0.25 0.63
109.25 a#3 0.25 0.63
109.50 a3 0.25 0.63
109.75 g3 0.25 0.63
110.00 f3 0.50 0.63
111.50 g3 0.50 0.63
112.00 f3 0.50 0.63
113.50 d5 0.50 0.63
114.00 g4 0.50 0.63
116.00 c4 1.00 0.63
117.00 d#4 1.00 0.63
118.00 g4 1.00 0.63
119.00 g#4 1.00 0.63
120.00 b3 1.00 0.63
121.50 g4 0.50 0.63
122.00 f#4 1.00 0.63
123.00 f4 1.00 0.63
124.00 e4 1.00 0.63
125.00 d#4 1.50 0.63
126.50 d4 0.50 0.63
127.00 c#4 0.50 0.63
127.50 c4 0.50 0.63
128.00 b3 0.50 0.63
128.50 a3 0.25 0.63
128.75 g3 0.25 0.63
129.00 c4 0.50 0.63
129.50 f4 0.50 0.63
130.00 d#4 1.00 0.63
131.00 d4 1.00 0.63
132.00 c4 1.25 0.63
133.25 c4 0.25 0.63
133.50 d4 0.25 0.63
133.75 d#4 0.25 0.63
134.00 d4 0.25 0.63
134.25 c4 0.25 0.63
134.50 a#3 0.75 0.63
135.25 a#3 0.25 0.63
135.50 c4 0.25 0.63
135.75 c#4 0.25 0.63
136.00 c4 0.25 0.63
136.25 a#3 0.25 0.63
136.50 g#3 0.75 0.63
137.25 f3 0.25 0.63
137.50 g3 0.25 0.63
137.75 g#3 0.25 0.63
138.00 g3 0.25 0.63
138.25 f3 0.25 0.63
138.50 a#3 0.75 0.63
139.25 g3 0.25 0.63
139.50 g#3 0.25 0.63
139.75 a#3 0.25 0.63
140.00 g#3 0.25 0.63
140.25 g3 0.25 0.63
140.50 c4 0.75 0.63
141.25 g#3 0.25 0.63
141.50 a#3 0.25 0.63
141.75 g3 0.25 0.63
142.00 g#3 0.25 0.63
142.25 c4 0.25 0.63
142.50 d4 0.25 0.63
142.75 e4 0.25 0.63
143.00 f4 1.25 0.63
144.25 d#4 0.25 0.63
144.50 c#4 0.25 0.63
144.75 c4 0.25 0.63
145.00 a#3 1.25 0.63
146.25 c#4 0.25 0.63
146.50 c4 0.25 0.63
146.75 a#3 0.25 0.63
147.00 g#3 1.25 0.63
148.25 g#3 0.25 0.63
148.50 g3 0.25 0.63
148.75 f3 0.25 0.63
149.00 g3 1.00 0.63
150.00 f3 0.25 0.63
150.25 c4 0.25 0.63
150.50 d4 0.25 0.63
150.75 e4 0.25 0.63
151.00 f4 1.25 0.63
152.25 f4 0.25 0.63
152.50 g4 0.25 0.63
152.75 g#4 0.25 0.63
153.00 a#4 0.25 0.63
153.25 c5 0.25 0.63
153.50 c#5 0.25 0.63
153.75 a#4 0.25 0.63
154.00 c5 2.50 0.63
156.50 b4 0.50 0.63
157.00 c5 0.25 0.63
157.25 d5 0.25 0.63
157.50 d#5 0.75 0.63
158.25 c5 0.25 0.63
158.50 f#4 0.50 0.63
159.50 d#5 0.50 0.63
160.00 d5 0.50 0.63
160.50 g5 1.00 0.63
161.50 f5 1.00 0.63
162.50 d#5 0.25 0.63
162.75 d5 0.25 0.63
163.00 d#5 1.75 0.63
164.75 c#5 0.25 0.63
165.00 d5 1.75 0.63
166.75 b3 0.25 0.63
167.00 c4 0.25 0.63
167.25 d#4 0.25 0.63
167.50 f4 0.25 0.63
167.75 g4 0.25 0.63
168.00 f4 0.25 0.63
168.25 d#4 0.25 0.63
168.50 d4 0.25 0.63
168.75 c4 0.25 0.63
169.00 d4 0.25 0.63
169.25 f4 0.25 0.63
169.50 g4 0.25 0.63
169.75 g#4 0.25 0.63
170.00 g4 0.25 0.63
170.25 f4 0.25 0.63
170.50 d#4 0.25 0.63
170.75 d4 0.25 0.63
171.00 d#4 0.25 0.63
171.25 g4 0.25 0.63
171.50 a4 0.25 0.63
171.75 b4 0.25 0.63
172.00 c5 0.17 0.63
172.17 g4 0.17 0.63
172.33 c5 0.17 0.63
172.50 d#5 0.17 0.63
172.67 c5 0.17 0.63
172.83 d#5 0.17 0.63
173.00 g5 0.17 0.63
173.17 c#5 0.17 0.63
173.33 c5 0.17 0.63
173.50 a#4 0.17 0.63
173.67 g#4 0.17 0.63
173.83 g4 0.17 0.63
174.00 g#4 0.50 0.63
176.17 f4 0.17 0.63
176.33 a#4 0.17 0.63
176.50 c#5 0.17 0.63
176.67 a#4 0.17 0.63
176.83 c#5 0.17 0.63
177.00 f5 0.17 0.63
177.17 b4 0.17 0.63
177.33 a#4 0.17 0.63
177.50 g#4 0.17 0.63
177.67 f#4 0.17 0.63
177.83 f4 0.17 0.63
178.00 f#4 0.50 0.63
180.25 g#4 0.50 0.63
180.75 g4 0.25 0.63
181.00 g#4 0.25 0.63
181.25 d#4 0.25 0.63
181.50 f4 0.75 0.63
182.25 d#4 0.50 0.63
182.75 d4 0.25 0.63
183.00 d#4 0.25 0.63
183.25 a#3 0.25 0.63
183.50 c4 0.50 0.63
184.00 c#4 0.25 0.63
184.25 a#4 0.50 0.63
184.75 a4 0.25 0.63
185.00 a#4 0.25 0.63
185.25 f4 0.25 0.63
185.50 g4 0.75 0.63
186.25 f4 0.50 0.63
186.75 e4 0.25 0.63
187.00 f4 0.25 0.63
187.25 c4 0.25 0.63
187.50 d4 0.50 0.63
188.00 d#4 0.17 0.63
188.17 c4 0.17 0.63
188.33 d#4 0.17 0.63
188.50 g4 0.17 0.63
188.67 d#4 0.17 0.63
188.83 g4 0.17 0.63
189.00 c5 1.17 0.63
190.17 b4 0.17 0.63
190.33 a4 0.17 0.63
190.50 b4 0.17 0.63
190.67 d5 0.17 0.63
190.83 g5 0.17 0.63
191.00 f5 2.00 0.63
193.00 f5 0.25 0.63
193.25 d5 0.25 0.63
193.50 d#5 0.75 0.63
194.25 d5 0.25 0.63
194.50 d#5 0.25 0.63
194.75 c5 0.25 0.63
195.00 d5 1.25 0.63
196.25 c5 0.25 0.63
196.50 c#5 0.25 0.63
196.75 b4 0.25 0.63
197.00 c5 0.75 0.63
197.75 a#4 0.25 0.63
198.00 a4 1.25 0.63
199.25 g4 0.25 0.63
199.50 g#4 0.25 0.63
199.75 f4 0.25 0.63
200.00 g4 2.50 0.63
202.50 f#5 1.00 0.63
203.50 g5 0.75 0.63
204.25 e5 0.25 0.63
204.50 f5 0.25 0.63
204.75 g5 0.25 0.63
205.00 f5 0.25 0.63
205.25 e5 0.25 0.63
205.50 d5 0.25 0.63
205.75 c#5 0.25 0.63
206.00 d5 0.25 0.63
206.25 c5 0.25 0.63
206.50 a#4 0.25 0.63
206.75 a4 0.25 0.63
207.00 g4 0.25 0.63
207.25 a#4 0.25 0.63
207.50 g#4 0.25 0.63
207.75 g4 0.25 0.63
208.00 f#4 0.50 0.63
208.50 d4 0.50 0.63
209.00 c#4 0.50 0.63
209.50 c4 0.50 0.63
210.00 b3 0.25 0.63
210.25 a3 0.25 0.63
210.50 a#3 0.25 0.63
210.75 g4 0.25 0.63
211.00 a3 0.25 0.63
211.25 g4 0.25 0.63
211.50 a3 0.25 0.63
211.75 f#4 0.25 0.63
212.00 g3 0.75 0.63
212.75 f#3 0.25 0.63
213.00 g3 0.75 0.63
213.75 f#4 0.25 0.63
214.00 g4 0.75 0.63
214.75 d#5 0.25 0.63
215.00 d5 0.25 0.63
215.25 c#5 0.25 0.63
215.75 a4 0.25 0.63
216.00 a4 0.25 0.63
216.25 g4 0.25 0.63
217.25 a#4 0.25 0.63
217.50 g#4 0.25 0.63
217.75 g4 0.25 0.63
218.25 c#4 0.25 0.63
218.50 c4 0.25 0.63
218.75 a#3 0.25 0.63
219.25 a#3 0.25 0.63
219.50 g#3 0.25 0.63
219.75 g3 0.25 0.63
220.00 g3 0.25 0.63
220.25 g#3 0.25 0.63
220.75 b4 0.25 0.63
221.25 b4 0.25 0.63
221.75 b4 0.25 0.63
222.25 g#5 0.25 0.63
222.50 g5 0.25 0.63
222.75 f5 0.25 0.63
223.25 f5 0.25 0.63
223.50 d#5 0.25 0.63
223.75 d5 0.25 0.63
224.00 d5 0.25 0.63
224.25 d#5 0.25 0.63
225.75 g#4 0.25 0.63
226.00 g#4 0.25 0.63
226.25 g4 0.25 0.63
227.75 a#4 0.25 0.63
228.00 a#4 0.25 0.63
228.25 d#4 0.25 0.63
228.50 g#4 0.50 0.63
229.75 d4 0.25 0.63
230.00 d4 0.25 0.63
230.25 d#4 0.25 0.63
230.75 a#4 0.25 0.63
231.00 a4 0.25 0.63
231.25 g#4 0.25 0.63
231.50 g4 0.25 0.63
231.75 f#4 0.25 0.63
232.00 f#4 0.25 0.63
232.25 f4 0.25 0.63
232.75 c4 0.25 0.63
233.00 b3 0.25 0.63
233.25 a#3 0.25 0.63
233.50 a3 0.25 0.63
233.75 g#3 0.25 0.63
234.00 g#3 0.25 0.63
234.25 g3 0.25 0.63
234.50 g3 0.50 0.63
235.00 g#3 0.50 0.63
235.50 a#3 0.50 0.63
236.00 d#3 0.50 0.63
236.75 c4 0.25 0.63
237.00 c#4 0.25 0.63
237.25 d4 0.25 0.63
237.50 d#4 0.25 0.63
237.75 e4 0.25 0.63
238.00 f4 0.25 0.63
238.25 e4 0.25 0.63
238.50 f4 0.25 0.63
238.75 g#3 0.25 0.63
239.00 a#3 0.50 0.63
239.50 c4 0.50 0.63
240.00 f3 0.50 0.63
240.75 d4 0.25 0.63
241.00 d#4 0.25 0.63
241.25 e4 0.25 0.63
241.50 f4 0.25 0.63
241.75 f#4 0.25 0.63
242.00 g4 0.25 0.63
242.25 f#4 0.25 0.63
242.50 g4 0.50 0.63
243.75 d4 0.25 0.63
244.00 c#4 0.25 0.63
244.25 c4 0.25 0.63
244.50 b3 0.25 0.63
244.75 a#3 0.25 0.63
245.00 a3 0.25 0.63
245.25 a#3 0.25 0.63
245.50 b3 0.25 0.63
245.75 c4 0.25 0.63
246.00 d4 0.50 0.63
246.50 c4 1.00 0.63
247.50 b3 0.50 0.63
248.00 c4 0.50 0.63
248.75 g#4 0.50 0.63
249.25 g4 0.12 0.63
249.38 f4 0.12 0.63
249.50 g4 0.75 0.63
250.25 f4 0.12 0.63
250.38 d#4 0.12 0.63
250.50 d4 0.25 0.63
250.75 c4 0.25 0.63
251.00 b3 0.50 0.63
251.50 a#3 1.00 0.63
252.50 g#3 0.25 0.63
252.75 g3 0.25 0.63
253.00 f3 0.50 0.63
253.50 e3 0.50 0.63
254.00 f3 0.50 0.63
254.75 e4 0.25 0.63
255.00 f4 0.50 0.63
255.75 g4 0.25 0.63
256.00 g#4 0.50 0.63
256.75 g#4 0.25 0.63
257.00 g4 0.50 0.63
257.50 f#4 0.50 0.63
258.00 f4 0.50 0.63
258.50 d#4 1.00 0.63
259.50 d4 0.50 0.63
260.00 g4 0.50 0.63
260.75 f#4 0.25 0.63
261.00 f4 0.50 0.63
261.50 e4 0.50 0.63
262.00 d#4 0.50 0.63
262.50 c#4 1.00 0.63
263.50 c4 0.50 0.63
264.00 f4 0.50 0.63
264.75 e4 0.25 0.63
265.00 d#4 1.00 0.63
266.00 d4 0.50 0.63
266.50 c#4 0.50 0.63
267.00 c4 1.25 0.63
268.25 c4 0.25 0.63
268.50 a#3 0.25 0.63
268.75 g#3 0.25 0.63
269.00 f#3 0.25 0.63
269.25 f3 0.25 0.63
269.50 e3 0.25 0.63
269.75 f3 0.25 0.63
270.00 e3 1.00 0.63
272.50 f4 0.75 0.63
273.25 e4 0.25 0.63
273.50 d#4 0.25 0.63
273.75 d4 0.25 0.63
274.00 c#4 0.50 0.63
274.50 g3 0.50 0.63
275.00 a#3 0.50 0.63
276.75 a#4 0.50 0.63
277.25 g#4 0.25 0.63
277.50 g4 0.25 0.63
277.75 f#4 0.25 0.63
278.00 f4 0.25 0.63
278.25 g#4 0.25 0.63
278.50 g4 0.25 0.63
278.75 f4 0.25 0.63
279.00 d#4 0.25 0.63
279.25 d4 0.25 0.63
279.50 c4 0.25 0.63
279.75 b3 0.25 0.63
280.00 c4 0.25 0.63
281.25 b4 0.25 0.63
281.50 c5 0.25 0.63
281.75 d5 0.25 0.63
282.00 d#5 0.50 0.63
282.50 c5 1.00 0.63
283.50 f5 0.75 0.63
284.25 d5 0.25 0.63
284.50 d#5 0.25 0.63
284.75 f5 0.25 0.63
285.00 d#5 0.25 0.63
285.25 d5 0.25 0.63
285.50 c5 0.25 0.63
285.75 a#4 0.25 0.63
286.00 a4 0.25 0.63
286.25 c5 0.25 0.63
286.50 d5 0.25 0.63
286.75 d#5 0.25 0.63
287.00 d5 0.25 0.63
287.25 c5 0.25 0.63
287.50 a#4 0.25 0.63
287.75 a4 0.25 0.63
288.00 g4 0.25 0.63
288.25 b4 0.25 0.63
288.50 c5 0.25 0.63
288.75 d5 0.25 0.63
289.00 c5 0.25 0.63
289.25 a#4 0.25 0.63
289.50 a4 0.25 0.63
289.75 g4 0.25 0.63
290.00 f#4 0.50 0.63
290.50 g4 1.00 0.63
291.50 g#4 0.75 0.63
292.25 d4 0.25 0.63
292.50 d#4 0.25 0.63
292.75 f4 0.25 0.63
293.00 d#4 0.25 0.63
293.25 d4 0.25 0.63
293.50 c4 0.25 0.63
293.75 b3 0.25 0.63
294.00 c4 0.25 0.63
294.25 f4 0.25 0.63
294.50 g4 0.25 0.63
294.75 g#4 0.50 0.63
295.25 g#4 0.25 0.63
295.50 g4 0.25 0.63
295.75 f4 0.25 0.63
296.00 e4 1.00 0.63
297.00 d#4 1.00 0.63
298.00 d4 0.25 0.63
298.25 c5 0.25 0.63
298.50 d5 0.25 0.63
298.75 d#5 0.25 0.63
299.00 d5 0.25 0.63
299.25 c5 0.25 0.63
299.50 a#4 0.25 0.63
299.75 a4 0.25 0.63
300.00 a#4 0.25 0.63
300.25 g4 0.25 0.63
300.50 a4 0.25 0.63
300.75 a#4 0.25 0.63
301.00 g#4 0.25 0.63
301.25 g4 0.25 0.63
301.50 f#4 0.25 0.63
301.75 g4 0.25 0.63
302.00 f#4 0.50 0.63
302.50 g4 0.25 0.63
302.75 a4 0.25 0.63
303.00 d4 0.50 0.63
304.00 g4 1.00 0.63
305.00 a#4 1.00 0.63
306.00 c5 1.00 0.63
307.00 d#5 1.00 0.63
308.00 f#4 1.00 0.63
309.50 d5 0.50 0.63
310.00 c#5 1.00 0.63
311.00 c5 1.00 0.63
312.00 b4 1.00 0.63
313.00 a#4 1.50 0.63
314.50 a4 0.50 0.63
315.00 g#4 0.50 0.63
315.50 g4 0.50 0.63
316.00 f#4 0.50 0.63
316.50 e4 0.25 0.63
316.75 d4 0.25 0.63
317.00 g4 0.50 0.63
317.50 c5 0.50 0.63
318.00 a#4 1.00 0.63
319.00 a4 1.00 0.63
320.00 g4 0.50 0.63
321.50 c#5 0.50 0.63
322.00 g4 0.50 0.63
322.50 a#4 0.50 0.63
323.00 e4 0.25 0.63
323.25 f4 0.25 0.63
323.50 g4 0.25 0.63
323.75 e4 0.25 0.63
324.00 c4 0.50 0.63
324.50 d4 0.25 0.63
324.75 e4 0.25 0.63
325.00 f4 1.50 0.63
326.50 g#4 0.50 0.63
327.00 d4 0.25 0.63
327.25 d#4 0.25 0.63
327.50 f4 0.25 0.63
327.75 d4 0.25 0.63
328.00 a#3 0.50 0.63
328.50 c4 0.25 0.63
328.75 d4 0.25 0.63
329.00 d#4 1.50 0.63
330.50 d4 0.25 0.63
330.75 c4 0.25 0.63
331.00 d4 0.25 0.63
331.25 c4 0.25 0.63
331.50 b3 0.25 0.63
331.75 a3 0.25 0.63
332.00 g3 0.50 0.63
332.50 a3 0.25 0.63
332.75 b3 0.25 0.63
333.00 c4 1.50 0.63
334.50 b3 0.50 0.63
335.00 c4 0.50 0.63
335.50 d4 0.50 0.63
336.00 g3 0.50 0.63
336.50 a3 0.25 0.63
336.75 b3 0.25 0.63
337.00 c4 0.25 0.63
337.25 b3 0.25 0.63
337.50 c4 0.75 0.63
338.25 b3 0.25 0.63
338.50 a3 0.25 0.63
338.75 b3 0.25 0.63
339.00 g#3 1.00 0.63
340.00 d4 0.50 0.63
340.50 g3 0.50 0.63
341.00 c4 0.25 0.63
341.25 d4 0.25 0.63
341.50 d#4 1.00 0.63
342.50 a3 0.50 0.63
343.00 b3 0.25 0.63
343.25 c4 0.25 0.63
343.50 d4 1.00 0.63
344.50 g3 0.50 0.63
345.00 a3 0.25 0.63
345.25 a#3 0.25 0.63
345.50 c4 0.75 0.63
346.25 a3 0.25 0.63
346.50 a#3 0.25 0.63
346.75 c4 0.25 0.63
347.00 a#3 0.25 0.63
347.25 a3 0.25 0.63
347.50 g3 0.25 0.63
347.75 f#3 0.25 0.63
348.00 g3 2.50 0.63
350.50 c4 1.00 0.63
351.50 b3 0.50 0.63
352.00 c4 0.25 0.63
352.25 g3 0.25 0.63
352.50 g#3 0.25 0.63
352.75 a#3 0.25 0.63
353.00 g#3 0.25 0.63
353.25 g3 0.25 0.63
353.50 f3 0.25 0.63
353.75 d#3 0.25 0.63
354.00 d3 0.25 0.63
354.25 f#3 0.25 0.63
354.50 g3 0.25 0.63
354.75 a3 0.25 0.63
355.00 g3 0.25 0.63
355.25 f3 0.25 0.63
355.50 e3 0.25 0.63
355.75 d3 0.25 0.63
356.00 c3 0.25 0.63
356.25 e3 0.25 0.63
356.50 f3 0.25 0.63
356.75 g3 0.25 0.63
357.00 f3 0.25 0.63
357.25 d#3 0.25 0.63
357.50 d3 0.25 0.63
357.75 c3 0.25 0.63
358.00 b2 0.50 0.63
358.50 g3 0.50 0.63
359.00 f#3 0.50 0.63
359.50 f3 0.50 0.63
360.00 e3 0.25 0.63
360.25 d3 0.25 0.63
360.50 d#3 0.25 0.63
360.75 c4 0.25 0.63
361.00 d3 0.25 0.63
361.25 c4 0.25 0.63
361.50 b3 0.25 0.63
361.75 d3 0.25 0.63
362.00 c3 0.75 0.63
362.75 b2 0.25 0.63
363.00 c3 0.75 0.63
363.75 b3 0.25 0.63
364.00 c4 0.75 0.63
364.75 g#4 0.25 0.63
365.00 g4 0.25 0.63
365.25 f#4 0.25 0.63
365.75 d4 0.25 0.63
366.00 d4 0.25 0.63
366.25 c4 0.25 0.63
366.75 d#4 0.25 0.63
367.25 d4 0.25 0.63
367.75 f4 0.25 0.63
368.00 f4 0.50 0.63
368.50 e4 0.50 0.63
end

# Instrument: 

part
num_notes 700
44.00 c3 1.00 0.63
45.00 d#3 1.00 0.63
46.00 g3 1.00 0.63
47.00 g#3 1.00 0.63
48.00 b2 1.00 0.63
49.50 g3 0.50 0.63
50.00 f#3 1.00 0.63
51.00 f3 1.00 0.63
52.00 e3 1.00 0.63
53.00 d#3 1.50 0.63
54.50 d3 0.50 0.63
55.00 c#3 0.50 0.63
55.50 c3 0.50 0.63
56.00 b2 0.50 0.63
56.50 a2 0.25 0.63
56.75 g2 0.25 0.63
57.00 c3 0.50 0.63
57.50 f3 0.50 0.63
58.00 d#3 1.00 0.63
59.00 d3 1.00 0.63
60.00 c3 0.25 0.63
60.25 d3 0.25 0.63
60.50 d#3 0.25 0.63
60.75 f3 0.25 0.63
61.00 g3 0.25 0.63
61.25 d#3 0.25 0.63
61.50 f3 0.25 0.63
61.75 g3 0.25 0.63
62.00 g#3 0.50 0.63
62.50 a#3 0.50 0.63
63.00 c4 0.25 0.63
63.25 a#3 0.25 0.63
63.50 c4 0.50 0.63
64.00 a#3 0.25 0.63
64.25 c3 0.25 0.63
64.50 c#3 0.25 0.63
64.75 d#3 0.25 0.63
65.00 f3 0.25 0.63
65.25 d3 0.25 0.63
65.50 d#3 0.25 0.63
65.75 f3 0.25 0.63
66.00 g3 0.50 0.63
66.50 g#3 0.50 0.63
67.00 a#3 0.25 0.63
67.25 g#3 0.25 0.63
67.50 a#3 0.50 0.63
68.00 g#3 0.25 0.63
68.25 a#2 0.25 0.63
68.50 b2 0.25 0.63
68.75 c#3 0.25 0.63
69.00 d#3 0.25 0.63
69.25 c3 0.25 0.63
69.50 d3 0.25 0.63
69.75 e3 0.25 0.63
70.00 f3 0.25 0.63
70.25 d#3 0.25 0.63
70.50 c#3 0.25 0.63
70.75 c3 0.25 0.63
71.00 b2 0.25 0.63
71.25 d3 0.25 0.63
71.50 c3 0.25 0.63
71.75 a#2 0.25 0.63
72.00 a2 1.00 0.63
73.00 g#2 1.00 0.63
74.00 g2 1.00 0.63
75.00 b2 1.00 0.63
76.00 c3 1.00 0.63
77.00 e3 1.00 0.63
78.00 f2 1.00 0.63
79.00 a2 1.00 0.63
80.00 a#2 1.00 0.63
81.00 d3 1.00 0.63
82.00 d#2 0.50 0.63
82.50 f2 0.50 0.63
83.00 g2 0.50 0.63
83.50 a2 0.50 0.63
84.00 a#2 0.50 0.63
84.50 c3 0.50 0.63
85.00 c#3 0.50 0.63
85.50 e2 0.50 0.63
86.00 f2 0.50 0.63
86.50 g2 0.50 0.63
87.00 a2 0.50 0.63
87.50 b2 0.50 0.63
88.00 c3 0.50 0.63
88.50 d3 0.50 0.63
89.00 d#3 0.50 0.63
89.50 f#2 0.50 0.63
90.00 g2 1.00 0.63
91.00 a#2 1.00 0.63
92.00 d3 1.00 0.63
93.00 d#3 1.00 0.63
94.00 f#2 1.00 0.63
95.50 d3 0.50 0.63
96.00 c#3 1.00 0.63
97.00 c3 1.00 0.63
98.00 b2 1.00 0.63
99.00 a#2 1.50 0.63
100.50 a2 0.50 0.63
101.00 g#2 0.50 0.63
101.50 g2 0.50 0.63
102.00 f#2 0.50 0.63
102.50 e2 0.25 0.63
102.75 d2 0.25 0.63
103.00 g2 0.50 0.63
103.50 c3 0.50 0.63
104.00 a#2 1.00 0.63
105.00 a2 1.00 0.63
106.00 g2 0.50 0.63
106.50 e3 0.50 0.63
107.00 f#3 0.50 0.63
107.50 a2 0.50 0.63
108.00 a#2 0.50 0.63
108.50 g3 0.50 0.63
109.00 a3 0.50 0.63
109.50 c3 0.50 0.63
110.00 d3 0.50 0.63
110.50 a#3 0.50 0.63
111.00 c4 0.50 0.63
111.50 d#3 0.75 0.63
112.25 d3 0.25 0.63
112.50 d#3 0.25 0.63
112.75 f3 0.25 0.63
113.00 d#3 0.25 0.63
113.25 d3 0.25 0.63
113.50 c3 0.25 0.63
113.75 b2 0.25 0.63
114.00 c3 0.25 0.63
114.25 f3 0.25 0.63
114.50 g3 0.25 0.63
114.75 g#3 0.25 0.63
115.00 g3 0.25 0.63
115.25 f3 0.25 0.63
115.50 d#3 0.25 0.63
115.75 d3 0.25 0.63
116.00 d#3 0.50 0.63
116.50 c3 0.50 0.63
117.00 c4 0.50 0.63
117.50 g3 0.50 0.63
118.00 d#4 0.50 0.63
118.50 c4 0.50 0.63
119.50 f3 0.75 0.63
120.25 d3 0.25 0.63
120.50 d#3 0.25 0.63
120.75 f3 0.25 0.63
121.00 d#3 0.25 0.63
121.25 d3 0.25 0.63
121.50 c3 0.25 0.63
121.75 a#2 0.25 0.63
122.00 a2 0.25 0.63
122.25 c3 0.25 0.63
122.50 d3 0.25 0.63
122.75 d#3 0.25 0.63
123.00 d3 0.25 0.63
123.25 c3 0.25 0.63
123.50 b2 0.25 0.63
123.75 a2 0.25 0.63
124.00 g2 0.25 0.63
124.25 b2 0.25 0.63
124.50 c3 0.25 0.63
124.75 d3 0.25 0.63
125.00 c3 0.25 0.63
125.25 a#2 0.25 0.63
125.50 a2 0.25 0.63
125.75 g2 0.25 0.63
126.00 f#2 0.50 0.63
127.50 d#3 0.50 0.63
128.00 f2 0.25 0.63
128.25 d3 0.25 0.63
128.50 d#3 0.25 0.63
128.75 f3 0.25 0.63
129.00 d#3 0.25 0.63
129.25 d3 0.25 0.63
129.50 c3 0.25 0.63
129.75 b2 0.25 0.63
130.00 c3 0.25 0.63
130.25 d3 0.25 0.63
130.50 d#3 0.25 0.63
130.75 f3 0.25 0.63
131.00 g3 0.25 0.63
131.25 g#3 0.25 0.63
131.50 g3 0.25 0.63
131.75 f3 0.25 0.63
132.00 e3 0.25 0.63
132.25 c3 0.25 0.63
132.50 d3 0.25 0.63
132.75 e3 0.25 0.63
133.00 f3 0.50 0.63
133.50 f2 0.50 0.63
134.00 a#2 0.50 0.63
134.50 d3 0.50 0.63
135.00 d#3 0.50 0.63
135.50 d#2 0.50 0.63
136.00 g#2 0.50 0.63
136.50 c3 0.50 0.63
137.00 c#3 1.50 0.63
138.50 d3 0.50 0.63
139.00 d#3 1.50 0.63
140.50 e3 0.50 0.63
141.00 f3 1.50 0.63
143.25 c#4 0.25 0.63
143.50 c4 0.25 0.63
143.75 a#3 0.25 0.63
144.00 g#3 1.25 0.63
145.25 g#3 0.25 0.63
145.50 g3 0.25 0.63
145.75 f3 0.25 0.63
146.00 g3 1.25 0.63
147.25 g3 0.25 0.63
147.50 f3 0.25 0.63
147.75 d#3 0.25 0.63
148.00 d3 1.00 0.63
149.25 e3 0.25 0.63
149.50 d3 0.25 0.63
149.75 c3 0.25 0.63
150.00 f3 1.25 0.63
151.25 f3 0.25 0.63
151.50 g3 0.25 0.63
151.75 g#3 0.25 0.63
152.00 a#3 2.25 0.63
154.25 g3 0.25 0.63
154.50 g#3 0.25 0.63
154.75 a#3 0.25 0.63
155.00 g#3 0.25 0.63
155.25 g3 0.25 0.63
155.50 f3 0.25 0.63
155.75 e3 0.25 0.63
156.00 f3 0.25 0.63
156.25 e3 0.25 0.63
156.50 f3 0.25 0.63
156.75 g3 0.25 0.63
157.00 f3 0.25 0.63
157.25 d#3 0.25 0.63
157.50 d3 0.25 0.63
157.75 c3 0.25 0.63
158.00 d3 0.25 0.63
158.25 a3 0.25 0.63
158.50 a#3 0.25 0.63
158.75 c4 0.25 0.63
159.00 a#3 0.25 0.63
159.25 g#3 0.25 0.63
159.50 g3 0.25 0.63
159.75 f#3 0.25 0.63
160.00 g3 0.25 0.63
160.25 a3 0.25 0.63
160.50 a#3 0.25 0.63
160.75 c4 0.25 0.63
161.00 d4 0.25 0.63
161.25 d#4 0.25 0.63
161.50 d4 0.25 0.63
161.75 c4 0.25 0.63
162.00 b3 0.25 0.63
162.25 g3 0.25 0.63
162.50 a3 0.25 0.63
162.75 b3 0.25 0.63
163.00 c4 0.50 0.63
163.50 c3 0.50 0.63
164.00 f3 0.50 0.63
164.50 a3 0.50 0.63
165.00 a#3 0.50 0.63
165.50 a#2 0.50 0.63
166.00 d#3 0.50 0.63
166.50 g3 0.50 0.63
167.00 g#3 1.50 0.63
168.50 a3 0.50 0.63
169.00 a#3 1.50 0.63
170.50 b3 0.50 0.63
171.00 c4 0.50 0.63
172.00 c3 1.00 0.63
173.00 e3 1.00 0.63
174.00 f3 1.00 0.63
175.00 a3 1.00 0.63
176.00 a#2 1.00 0.63
177.00 d3 1.00 0.63
178.00 c3 1.00 0.63
179.00 g3 1.00 0.63
180.00 g#2 0.50 0.63
180.50 a#2 0.50 0.63
181.00 c3 0.50 0.63
181.50 d3 0.50 0.63
182.00 d#3 0.50 0.63
182.50 f3 0.50 0.63
183.00 f#3 0.50 0.63
183.50 a2 0.50 0.63
184.00 a#2 0.50 0.63
184.50 c3 0.50 0.63
185.00 d3 0.50 0.63
185.50 e3 0.50 0.63
186.00 f3 0.50 0.63
186.50 g3 0.50 0.63
187.00 g#3 0.50 0.63
187.50 b2 0.50 0.63
188.00 c3 1.00 0.63
189.00 d#3 1.00 0.63
190.00 g3 1.00 0.63
191.00 g#3 1.00 0.63
192.00 b2 1.00 0.63
193.50 g3 0.50 0.63
194.00 f#3 1.00 0.63
195.00 f3 1.00 0.63
196.00 e3 1.00 0.63
197.00 d#3 1.50 0.63
198.50 d3 0.50 0.63
199.00 c#3 0.50 0.63
199.50 c3 0.50 0.63
200.00 b2 0.50 0.63
200.50 a2 0.25 0.63
200.75 g2 0.25 0.63
201.00 c3 0.50 0.63
201.50 f3 0.50 0.63
202.00 e3 1.00 0.63
203.00 d3 0.06 0.63
203.06 e3 0.06 0.63
203.12 d3 0.06 0.63
203.19 e3 0.06 0.63
203.25 d3 0.06 0.63
203.31 e3 0.06 0.63
203.38 d3 0.06 0.63
203.44 e3 0.06 0.63
203.50 d3 0.06 0.63
203.56 e3 0.06 0.63
203.62 d3 0.06 0.63
203.69 e3 0.06 0.63
203.75 d3 0.06 0.63
203.81 e3 0.06 0.63
203.88 d3 0.06 0.63
203.94 e3 0.06 0.63
204.00 c#3 0.50 0.63
204.50 b2 0.25 0.63
204.75 a2 0.25 0.63
205.00 d3 0.50 0.63
205.50 g3 0.50 0.63
206.00 f#3 0.50 0.63
206.50 f3 0.50 0.63
207.00 e3 0.50 0.63
207.50 d#3 0.50 0.63
208.00 d3 4.50 0.63
212.50 d3 0.50 0.63
213.00 c#3 0.50 0.63
213.50 c3 0.50 0.63
214.00 b2 0.25 0.63
214.25 a2 0.25 0.63
214.50 a#2 0.25 0.63
214.75 g3 0.25 0.63
215.00 a2 0.25 0.63
215.25 g3 0.25 0.63
215.50 d3 0.25 0.63
215.75 f#3 0.25 0.63
216.00 g2 0.50 0.63
216.50 a#3 0.50 0.63
217.00 e3 0.50 0.63
217.50 g3 0.50 0.63
218.00 c3 0.50 0.63
218.50 d3 0.25 0.63
218.75 e3 0.25 0.63
219.00 f3 0.25 0.63
219.25 e3 0.25 0.63
219.50 f3 1.00 0.63
220.50 g#3 0.50 0.63
221.00 d3 0.50 0.63
221.50 f3 0.50 0.63
222.00 a#2 0.50 0.63
222.50 c3 0.25 0.63
222.75 d3 0.25 0.63
223.00 d#3 0.25 0.63
223.25 d3 0.25 0.63
223.50 d#3 0.75 0.63
224.25 d3 0.25 0.63
224.50 d#3 0.25 0.63
224.75 f3 0.25 0.63
225.00 d#3 0.25 0.63
225.25 d3 0.25 0.63
225.50 c3 0.25 0.63
225.75 b2 0.25 0.63
226.00 c3 0.25 0.63
226.25 b2 0.25 0.63
226.50 c3 0.25 0.63
226.75 c#3 0.25 0.63
227.00 c3 0.25 0.63
227.25 a#2 0.25 0.63
227.50 g#2 0.25 0.63
227.75 g2 0.25 0.63
228.00 g#2 0.50 0.63
228.50 c3 0.50 0.63
229.00 d#3 0.50 0.63
229.50 f3 0.50 0.63
230.00 g2 0.50 0.63
230.50 a#2 0.50 0.63
231.00 d3 0.50 0.63
231.50 d#3 0.50 0.63
232.00 f2 0.50 0.63
232.50 g#2 0.50 0.63
233.00 c3 0.50 0.63
233.50 f3 0.50 0.63
234.00 d#2 0.50 0.63
234.50 d#3 0.50 0.63
235.00 d3 0.50 0.63
235.50 c#3 0.50 0.63
236.00 c3 0.50 0.63
236.50 g#2 0.50 0.63
237.00 g2 0.50 0.63
237.50 f#2 0.50 0.63
238.00 f2 0.50 0.63
238.50 f3 0.50 0.63
239.00 e3 0.50 0.63
239.50 d#3 0.50 0.63
240.00 d3 0.50 0.63
240.50 a#2 0.50 0.63
241.00 a2 0.50 0.63
241.50 g#2 0.50 0.63
242.00 g2 0.50 0.63
242.50 g3 0.50 0.63
243.00 f#3 0.50 0.63
243.50 f3 0.50 0.63
244.00 e3 0.50 0.63
244.50 d#3 1.00 0.63
245.50 d3 0.25 0.63
245.75 c3 0.25 0.63
246.00 b2 0.25 0.63
246.25 a2 0.12 0.63
246.38 g2 0.12 0.63
246.50 c3 0.25 0.63
246.75 f3 0.25 0.63
247.00 d#3 0.50 0.63
247.50 d3 0.50 0.63
248.00 c3 0.25 0.63
248.25 d3 0.25 0.63
248.50 d#3 0.25 0.63
248.75 c3 0.25 0.63
249.00 c#3 0.25 0.63
249.25 d3 0.25 0.63
249.50 d#3 0.25 0.63
249.75 e3 0.25 0.63
250.00 f3 0.25 0.63
250.25 c3 0.25 0.63
250.50 f3 0.25 0.63
250.75 d#3 0.25 0.63
251.00 d3 0.25 0.63
251.25 c3 0.25 0.63
251.50 c#3 0.25 0.63
251.75 a#2 0.25 0.63
252.00 c3 1.17 0.63
253.17 a#2 0.17 0.63
253.33 c3 0.17 0.63
253.50 c#3 0.17 0.63
253.67 c3 0.17 0.63
253.83 a#2 0.17 0.63
254.00 g#2 0.50 0.63
254.50 c3 0.50 0.63
255.00 f2 1.25 0.63
256.25 g2 0.25 0.63
256.50 g#2 0.25 0.63
256.75 a#2 0.25 0.63
257.00 c3 0.25 0.63
257.25 g#2 0.25 0.63
257.50 a#2 0.25 0.63
257.75 c3 0.25 0.63
258.00 c#3 0.50 0.63
258.50 d#3 0.50 0.63
259.00 f3 0.25 0.63
259.25 d#3 0.25 0.63
259.50 f3 0.50 0.63
260.00 d#3 0.25 0.63
260.25 f2 0.25 0.63
260.50 f#2 0.25 0.63
260.75 g#2 0.25 0.63
261.00 a#2 0.25 0.63
261.25 g2 0.25 0.63
261.50 g#2 0.25 0.63
261.75 a#2 0.25 0.63
262.00 c3 0.50 0.63
262.50 c#3 0.50 0.63
263.00 d#3 0.25 0.63
263.25 c#3 0.25 0.63
263.50 d#3 0.50 0.63
264.00 c#3 0.25 0.63
264.25 d#2 0.25 0.63
264.50 e2 0.25 0.63
264.75 f#2 0.25 0.63
265.00 g#2 0.25 0.63
265.25 f2 0.25 0.63
265.50 g2 0.25 0.63
265.75 a2 0.25 0.63
266.00 a#2 0.25 0.63
266.25 g#2 0.25 0.63
266.50 f#2 0.25 0.63
266.75 f2 0.25 0.63
267.00 e2 0.25 0.63
267.25 g2 0.25 0.63
267.50 f2 0.25 0.63
267.75 d#2 0.25 0.63
268.00 c#2 0.50 0.63
268.50 f2 0.50 0.63
269.00 a#2 0.50 0.63
269.50 c#3 0.50 0.63
270.00 g2 0.50 0.63
270.50 c3 0.75 0.63
271.25 a#2 0.25 0.63
271.50 g#2 0.25 0.63
271.75 g2 0.25 0.63
272.00 f2 0.50 0.63
272.50 g#2 0.50 0.63
273.00 c#3 0.50 0.63
273.50 f3 0.50 0.63
274.00 a#2 0.50 0.63
274.50 d#3 0.75 0.63
275.25 c#3 0.25 0.63
275.50 c3 0.25 0.63
275.75 a#2 0.25 0.63
276.00 g#2 0.50 0.63
276.50 c3 0.50 0.63
277.00 f3 0.50 0.63
277.50 g#3 0.50 0.63
278.00 d3 0.50 0.63
278.50 g3 0.75 0.63
279.25 f3 0.25 0.63
279.50 d#3 0.25 0.63
279.75 d3 0.25 0.63
280.00 d#3 0.25 0.63
280.25 c3 0.25 0.63
280.50 a#2 0.25 0.63
280.75 g#2 0.25 0.63
281.00 g2 0.25 0.63
281.25 f2 0.25 0.63
281.50 d#2 0.25 0.63
281.75 d2 0.25 0.63
282.00 c2 0.25 0.63
282.25 c3 0.25 0.63
282.50 d3 0.25 0.63
282.75 d#3 0.25 0.63
283.00 f3 0.25 0.63
283.25 g3 0.25 0.63
283.50 g#3 0.25 0.63
283.75 f3 0.25 0.63
284.00 g3 0.50 0.63
284.50 g2 0.50 0.63
285.00 c3 0.25 0.63
285.25 d3 0.25 0.63
285.50 d#3 1.00 0.63
286.50 a2 0.50 0.63
287.00 b2 0.25 0.63
287.25 c3 0.25 0.63
287.50 d3 1.00 0.63
288.50 g2 0.50 0.63
289.00 a2 0.25 0.63
289.25 a#2 0.25 0.63
289.50 c3 0.75 0.63
290.25 a2 0.25 0.63
290.50 a#2 0.25 0.63
290.75 c3 0.25 0.63
291.00 a#2 0.25 0.63
291.25 g#2 0.25 0.63
291.50 g2 0.25 0.63
291.75 f#2 0.25 0.63
292.00 g2 0.50 0.63
293.50 g3 0.50 0.63
294.00 g#3 0.50 0.63
294.50 f3 0.50 0.63
295.00 a#3 1.50 0.63
296.50 g3 0.50 0.63
297.00 c4 1.50 0.63
298.50 a3 0.50 0.63
299.00 d4 2.00 0.63
301.00 c4 1.25 0.63
302.25 a3 0.25 0.63
302.50 a#3 0.25 0.63
302.75 c4 0.25 0.63
303.00 a#3 0.25 0.63
303.25 a3 0.25 0.63
303.50 g3 0.25 0.63
303.75 f#3 0.25 0.63
304.00 g3 0.25 0.63
304.25 f#3 0.25 0.63
304.50 g3 0.25 0.63
304.75 a3 0.25 0.63
305.00 g3 0.25 0.63
305.25 f3 0.25 0.63
305.50 d#3 0.25 0.63
305.75 d3 0.25 0.63
306.00 d#3 0.50 0.63
306.50 c3 0.50 0.63
307.00 c5 1.25 0.63
308.25 a4 0.25 0.63
308.50 a#4 0.25 0.63
308.75 c5 0.25 0.63
309.00 a#4 0.25 0.63
309.25 a4 0.25 0.63
309.50 g4 0.25 0.63
309.75 f4 0.25 0.63
310.00 e4 0.25 0.63
310.25 g4 0.25 0.63
310.50 a4 0.25 0.63
310.75 a#4 0.25 0.63
311.00 a4 0.25 0.63
311.25 g4 0.25 0.63
311.50 f#4 0.25 0.63
311.75 e4 0.25 0.63
312.00 d4 0.25 0.63
312.25 f#4 0.25 0.63
312.50 g4 0.25 0.63
312.75 a4 0.25 0.63
313.00 g4 0.25 0.63
313.25 f4 0.25 0.63
313.50 e4 0.25 0.63
313.75 d4 0.25 0.63
314.00 c#4 0.50 0.63
315.50 a#4 0.50 0.63
316.00 c4 0.25 0.63
316.25 a3 0.25 0.63
316.50 a#3 0.25 0.63
316.75 c4 0.25 0.63
317.00 a#3 0.25 0.63
317.25 a3 0.25 0.63
317.50 g3 0.25 0.63
317.75 f#3 0.25 0.63
318.00 g3 0.25 0.63
318.25 f3 0.25 0.63
318.50 d#3 0.25 0.63
318.75 d3 0.25 0.63
319.00 c3 0.25 0.63
319.25 a#2 0.25 0.63
319.50 c3 0.25 0.63
319.75 d3 0.25 0.63
320.00 g2 0.25 0.63
320.25 g3 0.25 0.63
320.50 f#3 0.25 0.63
320.75 d#3 0.25 0.63
321.00 a#3 0.25 0.63
321.25 d4 0.25 0.63
321.50 g3 0.25 0.63
321.75 a#3 0.25 0.63
322.00 c4 1.00 0.63
323.50 c4 0.50 0.63
324.00 g#3 0.50 0.63
324.50 c4 0.50 0.63
325.00 f3 0.50 0.63
325.50 g3 0.25 0.63
325.75 g#3 0.25 0.63
326.00 a#3 1.00 0.63
327.50 a#3 0.50 0.63
328.00 g3 0.50 0.63
328.50 a#3 0.50 0.63
329.00 d#3 0.50 0.63
329.50 f3 0.25 0.63
329.75 g3 0.25 0.63
330.00 g#3 1.00 0.63
331.50 d3 0.50 0.63
332.00 d#3 0.50 0.63
332.50 g3 0.50 0.63
333.00 c3 0.50 0.63
333.50 d3 0.25 0.63
333.75 e3 0.25 0.63
334.00 f3 0.25 0.63
334.25 d#3 0.25 0.63
334.50 d3 0.25 0.63
334.75 f3 0.25 0.63
335.00 d#3 0.25 0.63
335.25 d3 0.25 0.63
335.50 c3 0.25 0.63
335.75 b2 0.25 0.63
336.00 c3 1.00 0.63
337.00 d#3 1.00 0.63
338.00 g3 1.00 0.63
339.00 g#3 1.00 0.63
340.00 b2 1.00 0.63
341.50 g3 0.50 0.63
342.00 f#3 1.00 0.63
343.00 f3 1.00 0.63
344.00 e3 1.00 0.63
345.00 d#3 1.50 0.63
346.50 d3 0.50 0.63
347.00 c#3 0.50 0.63
347.50 c3 0.50 0.63
348.00 b2 0.50 0.63
348.50 a2 0.25 0.63
348.75 g2 0.25 0.63
349.00 c3 0.50 0.63
349.50 f3 0.50 0.63
350.00 d#3 1.00 0.63
351.00 d3 1.00 0.63
352.00 c3 3.00 0.63
355.00 a#2 2.00 0.63
357.00 g#2 1.00 0.63
358.00 g2 4.50 0.63
362.50 g2 0.50 0.63
363.00 f#2 0.50 0.63
363.50 f2 0.50 0.63
364.00 e2 0.25 0.63
364.25 d2 0.25 0.63
364.50 d#2 0.25 0.63
364.75 c3 0.25 0.63
365.00 d2 0.25 0.63
365.25 c3 0.25 0.63
365.50 g2 0.25 0.63
365.75 b2 0.25 0.63
366.00 c3 0.50 0.63
366.50 g#2 0.50 0.63
367.00 f2 0.50 0.63
367.50 g2 0.50 0.63
368.00 c2 1.00 0.63
end
