# Outputted with MidiToZac v0.2
# Start of Music
bpm 60

num_parts 1

# Instrument: Elec. Piano (Classic)

part
num_notes 905
0.00 a4 0.30 0.39
0.30 b4 0.30 0.39
0.60 c5 0.30 0.39
0.00 e4 1.20 0.39
0.90 a4 0.30 0.39
1.20 b4 0.30 0.39
1.20 f4 0.45 0.39
1.50 c5 0.30 0.39
1.80 e5 0.30 0.39
2.10 d5 0.30 0.39
1.80 c4 1.80 0.39
2.40 g4 1.20 0.39
3.60 d5 0.30 0.39
3.90 c5 0.30 0.39
3.60 e4 1.80 0.39
4.20 b4 1.35 0.39
5.40 c5 0.30 0.39
5.40 f4 0.60 0.39
5.70 b4 0.30 0.39
6.00 d4 0.60 0.39
6.00 a4 0.60 0.39
6.60 g4 0.60 0.39
6.60 b3 0.60 0.39
7.20 a4 0.30 0.39
7.50 b4 0.30 0.39
7.80 c5 0.30 0.39
7.20 e4 1.05 0.39
8.10 a4 0.30 0.39
8.40 b4 0.30 0.39
8.40 f4 0.45 0.39
8.70 c5 0.30 0.39
9.00 e5 0.30 0.39
9.30 d5 0.30 0.39
9.00 c4 1.65 0.39
9.60 g4 1.20 0.39
10.80 d5 0.30 0.39
11.10 c5 0.30 0.39
10.80 b3 1.20 0.39
11.40 b4 0.60 0.39
12.00 g4 0.60 0.39
12.00 g3 0.60 0.39
12.60 a4 1.20 0.39
12.60 e4 1.35 0.39
12.60 a3 1.35 0.39
14.40 a4 0.30 0.39
14.70 b4 0.30 0.39
15.00 c5 0.30 0.39
14.40 e4 1.20 0.39
15.30 a4 0.30 0.39
15.60 b4 0.30 0.39
15.60 f4 0.45 0.39
15.90 c5 0.30 0.39
16.20 e5 0.30 0.39
16.50 d5 0.30 0.39
16.20 c4 1.80 0.39
16.80 g4 1.20 0.39
18.00 d5 0.30 0.39
18.30 c5 0.30 0.39
18.00 e4 1.80 0.39
18.60 b4 1.35 0.39
19.80 c5 0.30 0.39
19.80 f4 0.60 0.39
20.10 b4 0.30 0.39
20.40 d4 0.60 0.39
20.40 a4 0.60 0.39
21.00 g4 0.60 0.39
21.00 b3 0.60 0.39
21.60 a4 0.30 0.39
21.90 b4 0.30 0.39
22.20 c5 0.30 0.39
21.60 e4 1.05 0.39
22.50 a4 0.30 0.39
22.80 b4 0.30 0.39
22.80 f4 0.45 0.39
23.10 c5 0.30 0.39
23.40 e5 0.30 0.39
23.70 d5 0.30 0.39
23.40 c4 1.65 0.39
24.00 g4 1.20 0.39
25.20 d5 0.30 0.39
25.50 c5 0.30 0.39
25.20 b3 1.20 0.39
25.80 b4 0.60 0.39
26.40 g4 0.60 0.39
26.40 g3 0.60 0.39
27.00 a4 1.20 0.39
27.00 a3 1.35 0.39
27.00 e4 1.35 0.39
28.80 e5 0.15 0.39
28.80 a5 0.15 0.39
29.10 a5 0.15 0.39
29.10 e5 0.15 0.39
29.40 e5 0.15 0.39
29.70 c#5 0.15 0.39
29.70 e5 0.15 0.39
30.00 a4 0.15 0.39
30.00 c#5 0.15 0.39
30.30 c#5 0.15 0.39
30.30 a4 0.15 0.39
30.60 e5 0.15 0.39
30.60 a5 0.15 0.39
30.90 a5 0.15 0.39
30.90 e5 0.15 0.39
31.20 c#5 0.15 0.39
31.20 e5 0.15 0.39
31.50 e5 0.15 0.39
31.50 c#5 0.15 0.39
31.80 c#5 0.15 0.39
31.80 a4 0.15 0.39
32.10 c#5 0.15 0.39
32.10 a4 0.15 0.39
32.40 b4 0.15 0.39
32.40 e5 0.15 0.39
32.70 b4 0.15 0.39
32.70 e5 0.15 0.39
33.00 g4 0.15 0.39
33.00 b4 0.15 0.39
33.30 g4 0.15 0.39
33.30 b4 0.15 0.39
33.60 g4 0.15 0.39
33.60 e4 0.15 0.39
33.90 g4 0.15 0.39
33.90 e4 0.15 0.39
34.20 b4 0.15 0.39
34.20 e5 0.15 0.39
34.50 b4 0.15 0.39
34.50 e5 0.15 0.39
34.80 b4 0.15 0.39
34.80 g4 0.15 0.39
35.10 g4 0.15 0.39
35.10 b4 0.15 0.39
35.40 g4 0.15 0.39
35.40 e4 0.15 0.39
35.70 g4 0.15 0.39
35.70 e4 0.15 0.39
36.00 e5 0.15 0.39
36.30 e5 0.15 0.39
36.30 a5 0.15 0.39
36.60 e5 0.15 0.39
36.60 c#5 0.15 0.39
36.90 e5 0.15 0.39
36.90 c#5 0.15 0.39
37.20 a4 0.15 0.39
37.20 c#5 0.15 0.39
37.50 c#5 0.15 0.39
37.50 a4 0.15 0.39
37.80 a5 0.15 0.39
37.80 e5 0.15 0.39
38.10 e5 0.15 0.39
38.10 a5 0.15 0.39
38.40 c#5 0.15 0.39
38.70 c#5 0.15 0.39
38.70 e5 0.15 0.39
39.00 c#5 0.15 0.39
39.00 a4 0.15 0.39
39.30 c#5 0.15 0.39
39.30 a4 0.15 0.39
39.60 b4 0.15 0.39
39.60 e5 0.15 0.39
39.90 e5 0.15 0.39
39.90 b4 0.15 0.39
40.20 b4 0.15 0.39
40.20 g4 0.15 0.39
40.50 g4 0.15 0.39
40.50 b4 0.15 0.39
40.80 g4 0.15 0.39
40.80 e4 0.15 0.39
41.10 g4 0.15 0.39
41.10 e4 0.15 0.39
41.40 b4 0.15 0.39
41.40 e5 0.15 0.39
41.70 b4 0.15 0.39
41.70 e5 0.15 0.39
42.00 b4 0.15 0.39
42.00 g4 0.15 0.39
42.30 b4 0.15 0.39
42.30 g4 0.15 0.39
42.60 e4 0.15 0.39
42.60 g4 0.15 0.39
42.90 g4 0.15 0.39
42.90 e4 0.15 0.39
43.20 a4 0.30 0.39
43.50 b4 0.30 0.39
43.80 c5 0.30 0.39
43.20 e4 1.20 0.39
44.10 a4 0.30 0.39
44.40 b4 0.30 0.39
44.40 f4 0.45 0.39
44.70 c5 0.30 0.39
45.00 e5 0.30 0.39
45.30 d5 0.30 0.39
45.00 c4 1.80 0.39
45.60 g4 1.20 0.39
46.80 d5 0.30 0.39
47.10 c5 0.30 0.39
46.80 e4 1.80 0.39
47.40 b4 1.35 0.39
48.60 c5 0.30 0.39
48.60 f4 0.60 0.39
48.90 b4 0.30 0.39
49.20 d4 0.60 0.39
49.20 a4 0.60 0.39
49.80 g4 0.60 0.39
49.80 b3 0.60 0.39
50.40 a4 0.30 0.39
50.70 b4 0.30 0.39
51.00 c5 0.30 0.39
50.40 e4 1.05 0.39
51.30 a4 0.30 0.39
51.60 b4 0.30 0.39
51.60 f4 0.45 0.39
51.90 c5 0.30 0.39
52.20 e5 0.30 0.39
52.50 d5 0.30 0.39
52.20 c4 1.65 0.39
52.80 g4 1.20 0.39
54.00 d5 0.30 0.39
54.30 c5 0.30 0.39
54.60 b4 0.60 0.39
54.00 b3 1.20 0.39
55.20 g4 0.60 0.39
55.20 g3 0.60 0.39
55.80 a4 1.20 0.39
55.80 e4 1.35 0.39
55.80 a3 1.35 0.39
57.60 e5 0.15 0.39
57.60 a5 0.15 0.39
57.90 e5 0.15 0.39
57.90 a5 0.15 0.39
58.20 e5 0.15 0.39
58.50 c#5 0.15 0.39
58.50 e5 0.15 0.39
58.80 a4 0.15 0.39
58.80 c#5 0.15 0.39
59.10 a4 0.15 0.39
59.10 c#5 0.15 0.39
59.40 e5 0.15 0.39
59.40 a5 0.15 0.39
59.70 e5 0.15 0.39
59.70 a5 0.15 0.39
60.00 c#5 0.15 0.39
60.00 e5 0.15 0.39
60.30 e5 0.15 0.39
60.30 c#5 0.15 0.39
60.60 c#5 0.15 0.39
60.60 a4 0.15 0.39
60.90 a4 0.15 0.39
60.90 c#5 0.15 0.39
61.20 e5 0.15 0.39
61.20 b4 0.15 0.39
61.50 e5 0.15 0.39
61.50 b4 0.15 0.39
61.80 g4 0.15 0.39
61.80 b4 0.15 0.39
62.10 g4 0.15 0.39
62.10 b4 0.15 0.39
62.40 e4 0.15 0.39
62.40 g4 0.15 0.39
62.70 g4 0.15 0.39
62.70 e4 0.15 0.39
63.00 b4 0.15 0.39
63.00 e5 0.15 0.39
63.30 e5 0.15 0.39
63.30 b4 0.15 0.39
63.60 b4 0.15 0.39
63.60 g4 0.15 0.39
63.90 g4 0.15 0.39
63.90 b4 0.15 0.39
64.20 g4 0.15 0.39
64.20 e4 0.15 0.39
64.50 e4 0.15 0.39
64.50 g4 0.15 0.39
64.80 e5 0.15 0.39
65.10 e5 0.15 0.39
65.10 a5 0.15 0.39
65.40 c#5 0.15 0.39
65.40 e5 0.15 0.39
65.70 e5 0.15 0.39
65.70 c#5 0.15 0.39
66.00 c#5 0.15 0.39
66.00 a4 0.15 0.39
66.30 c#5 0.15 0.39
66.30 a4 0.15 0.39
66.60 a5 0.15 0.39
66.60 e5 0.15 0.39
66.90 e5 0.15 0.39
66.90 a5 0.15 0.39
67.20 c#5 0.15 0.39
67.50 c#5 0.15 0.39
67.50 e5 0.15 0.39
67.80 c#5 0.15 0.39
67.80 a4 0.15 0.39
68.10 c#5 0.15 0.39
68.10 a4 0.15 0.39
68.40 b4 0.15 0.39
68.40 e5 0.15 0.39
68.70 b4 0.15 0.39
68.70 e5 0.15 0.39
69.00 b4 0.15 0.39
69.00 g4 0.15 0.39
69.30 g4 0.15 0.39
69.30 b4 0.15 0.39
69.60 e4 0.15 0.39
69.60 g4 0.15 0.39
69.90 e4 0.15 0.39
69.90 g4 0.15 0.39
70.20 b4 0.15 0.39
70.20 e5 0.15 0.39
70.50 b4 0.15 0.39
70.50 e5 0.15 0.39
70.80 b4 0.15 0.39
70.80 g4 0.15 0.39
71.10 g4 0.15 0.39
71.10 b4 0.15 0.39
71.40 e4 0.15 0.39
71.40 g4 0.15 0.39
71.70 g4 0.15 0.39
71.70 e4 0.15 0.39
72.00 e5 0.15 0.39
72.00 e5 0.15 0.39
72.00 a5 0.15 0.39
72.30 e5 0.15 0.39
72.30 e5 0.15 0.39
72.30 a5 0.15 0.39
72.60 e5 0.15 0.39
72.60 c#5 0.15 0.39
72.90 e5 0.15 0.39
72.90 c#5 0.15 0.39
73.20 a4 0.15 0.39
73.20 c#5 0.15 0.39
73.50 c#5 0.15 0.39
73.50 a4 0.15 0.39
73.80 e5 0.15 0.39
73.80 a5 0.15 0.39
74.10 a5 0.15 0.39
74.10 e5 0.15 0.39
74.40 c#5 0.15 0.39
74.40 e5 0.15 0.39
74.70 c#5 0.15 0.39
74.70 e5 0.15 0.39
75.00 c#5 0.15 0.39
75.00 a4 0.15 0.39
75.30 c#5 0.15 0.39
75.30 a4 0.15 0.39
75.60 g5 0.15 0.39
75.60 e5 0.15 0.39
75.90 e5 0.15 0.39
75.90 g5 0.15 0.39
76.20 e5 0.15 0.39
76.20 c5 0.15 0.39
76.50 e5 0.15 0.39
76.50 c5 0.15 0.39
76.80 c5 0.15 0.39
76.80 g4 0.15 0.39
77.10 c5 0.15 0.39
77.10 g4 0.15 0.39
77.40 g5 0.15 0.39
77.40 e5 0.15 0.39
77.70 e5 0.15 0.39
77.70 g5 0.15 0.39
78.00 c5 0.15 0.39
78.00 e5 0.15 0.39
78.30 e5 0.15 0.39
78.30 c5 0.15 0.39
78.60 g4 0.15 0.39
78.60 c5 0.15 0.39
78.90 g4 0.15 0.39
78.90 c5 0.15 0.39
79.20 c5 0.15 0.39
79.20 f5 0.15 0.39
79.50 c5 0.15 0.39
79.50 f5 0.15 0.39
79.80 a4 0.15 0.39
79.80 c5 0.15 0.39
80.10 a4 0.15 0.39
80.10 c5 0.15 0.39
80.40 a4 0.15 0.39
80.40 f4 0.15 0.39
80.70 a4 0.15 0.39
80.70 f4 0.15 0.39
81.00 f5 0.15 0.39
81.00 c5 0.15 0.39
81.30 c5 0.15 0.39
81.60 a4 0.15 0.39
81.60 c5 0.15 0.39
81.90 a4 0.15 0.39
81.90 c5 0.15 0.39
82.20 a4 0.15 0.39
82.20 f4 0.15 0.39
82.50 a4 0.15 0.39
82.50 f4 0.15 0.39
82.80 d5 0.15 0.39
82.80 g5 0.15 0.39
83.10 d5 0.15 0.39
83.10 g5 0.15 0.39
83.40 b4 0.15 0.39
83.40 d5 0.15 0.39
83.70 d5 0.15 0.39
83.70 b4 0.15 0.39
84.00 b4 0.15 0.39
84.00 g4 0.15 0.39
84.30 b4 0.15 0.39
84.30 g4 0.15 0.39
84.60 d5 0.15 0.39
84.90 d5 0.15 0.39
84.90 g5 0.15 0.39
85.20 d5 0.15 0.39
85.20 b4 0.15 0.39
85.50 d5 0.15 0.39
85.50 b4 0.15 0.39
85.80 b4 0.15 0.39
85.80 g4 0.15 0.39
86.10 b4 0.15 0.39
86.10 g4 0.15 0.39
86.40 a4 0.15 0.39
87.00 e4 0.15 0.39
87.00 a4 0.15 0.39
87.30 g4 0.15 0.39
87.60 e4 0.15 0.39
87.60 a4 0.15 0.39
87.90 g4 0.15 0.39
87.90 d4 0.15 0.39
88.20 e4 0.15 0.39
88.20 a4 0.15 0.39
88.50 g4 0.15 0.39
88.50 d4 0.15 0.39
88.80 b3 0.15 0.39
88.80 e4 0.15 0.39
89.10 g4 0.15 0.39
89.10 d4 0.15 0.39
89.40 e4 0.15 0.39
89.40 b3 0.15 0.39
89.70 g4 0.15 0.39
89.70 d4 0.15 0.39
90.00 b3 0.15 0.39
90.00 e4 0.15 0.39
90.30 d4 0.15 0.39
90.30 g4 0.15 0.39
90.60 e4 0.15 0.39
90.60 b3 0.15 0.39
90.90 d4 0.15 0.39
90.90 g4 0.15 0.39
91.20 e4 0.15 0.39
91.20 b3 0.15 0.39
91.50 g4 0.15 0.39
91.50 d4 0.15 0.39
91.80 e4 1.35 0.39
91.80 a4 1.35 0.39
93.60 a4 0.30 0.39
93.90 b4 0.30 0.39
94.20 c5 0.30 0.39
94.50 a4 0.30 0.39
93.60 e4 1.20 0.39
94.80 b4 0.30 0.39
94.80 f4 0.45 0.39
95.10 c5 0.30 0.39
95.40 e5 0.30 0.39
95.70 d5 0.30 0.39
95.40 c4 1.80 0.39
96.00 g4 1.20 0.39
97.20 d5 0.30 0.39
97.50 c5 0.30 0.39
97.20 e4 1.80 0.39
97.80 b4 1.35 0.39
99.00 c5 0.30 0.39
99.00 f4 0.60 0.39
99.30 b4 0.30 0.39
99.60 a4 0.60 0.39
99.60 d4 0.60 0.39
100.20 g4 0.60 0.39
100.20 b3 0.60 0.39
100.80 a4 0.30 0.39
101.10 b4 0.30 0.39
101.40 c5 0.30 0.39
100.80 e4 1.05 0.39
101.70 a4 0.30 0.39
102.00 b4 0.30 0.39
102.00 f4 0.45 0.39
102.30 c5 0.30 0.39
102.60 e5 0.30 0.39
102.90 d5 0.30 0.39
102.60 c4 1.65 0.39
103.20 g4 1.20 0.39
104.40 d5 0.30 0.39
104.70 c5 0.30 0.39
104.40 b3 1.20 0.39
105.00 b4 0.60 0.39
105.60 g4 0.60 0.39
105.60 g3 0.60 0.39
106.20 a4 1.20 0.39
106.20 a3 1.35 0.39
106.20 e4 1.35 0.39
108.00 e4 0.30 0.39
108.30 f#4 0.30 0.39
108.60 g4 0.30 0.39
108.00 b3 1.20 0.39
108.90 e4 0.30 0.39
109.20 f#4 0.30 0.39
109.20 c4 0.45 0.39
109.50 g4 0.30 0.39
109.80 b4 0.30 0.39
110.10 a4 0.30 0.39
109.80 g3 1.80 0.39
110.40 d4 1.20 0.39
111.60 a4 0.30 0.39
111.90 g4 0.30 0.39
111.60 b3 1.80 0.39
112.20 f#4 1.35 0.39
113.40 g4 0.30 0.39
113.40 c4 0.60 0.39
113.70 f#4 0.30 0.39
114.00 a3 0.60 0.39
114.00 e4 0.60 0.39
114.60 f#3 0.60 0.39
114.60 d4 0.60 0.39
115.20 e4 0.30 0.39
115.50 f#4 0.30 0.39
115.80 g4 0.30 0.39
115.20 b3 1.05 0.39
116.10 e4 0.30 0.39
116.40 f#4 0.30 0.39
116.40 c4 0.45 0.39
116.70 g4 0.30 0.39
117.00 b4 0.30 0.39
117.30 a4 0.30 0.39
117.00 g3 1.65 0.39
117.60 d4 1.20 0.39
118.80 a4 0.30 0.39
119.10 g4 0.30 0.39
118.80 f#3 1.20 0.39
119.40 f#4 0.60 0.39
120.00 d4 0.60 0.39
120.00 d3 0.60 0.39
120.60 e4 1.20 0.39
120.60 e3 1.35 0.39
120.60 b3 1.35 0.39
122.40 a4 0.30 0.39
122.70 b4 0.30 0.39
123.00 c5 0.30 0.39
122.40 e4 1.20 0.39
123.30 a4 0.30 0.39
123.60 b4 0.30 0.39
123.60 f4 0.45 0.39
123.90 c5 0.30 0.39
124.20 e5 0.30 0.39
124.50 d5 0.30 0.39
124.20 c4 1.80 0.39
124.80 g4 1.20 0.39
126.00 d5 0.30 0.39
126.30 c5 0.30 0.39
126.00 e4 1.80 0.39
126.60 b4 1.35 0.39
127.80 c5 0.30 0.39
127.80 f4 0.60 0.39
128.10 b4 0.30 0.39
128.40 d4 0.60 0.39
128.40 a4 0.60 0.39
129.00 g4 0.60 0.39
129.00 b3 0.60 0.39
129.60 a4 0.30 0.39
129.90 b4 0.30 0.39
130.20 c5 0.30 0.39
129.60 e4 1.05 0.39
130.50 a4 0.30 0.39
130.80 b4 0.30 0.39
130.80 f4 0.45 0.39
131.10 c5 0.30 0.39
131.40 e5 0.30 0.39
131.70 d5 0.30 0.39
131.40 c4 1.65 0.39
132.00 g4 1.20 0.39
133.20 d5 0.30 0.39
133.50 c5 0.30 0.39
133.80 b4 0.60 0.39
133.20 b3 1.20 0.39
134.40 g4 0.60 0.39
134.40 g3 0.60 0.39
135.00 a4 1.20 0.39
135.00 a3 1.35 0.39
135.00 e4 1.35 0.39
136.80 e4 0.30 0.39
137.10 f#4 0.30 0.39
137.40 g4 0.30 0.39
136.80 b4 1.20 0.39
137.70 e4 0.30 0.39
136.80 b3 1.20 0.39
138.00 b4 0.30 0.39
138.00 f#4 0.30 0.39
138.00 c4 0.45 0.39
138.30 e5 0.30 0.39
138.30 g4 0.30 0.39
138.60 b4 0.30 0.39
138.90 a4 0.30 0.39
138.60 d5 1.20 0.39
138.60 g3 1.80 0.39
139.80 e5 0.60 0.39
139.20 d4 1.20 0.39
140.40 a4 0.30 0.39
140.40 a4 0.30 0.39
140.70 g4 0.30 0.39
141.60 g4 0.30 0.39
140.40 b3 1.80 0.39
141.90 a4 0.30 0.39
141.00 f#4 1.35 0.39
142.20 g4 0.30 0.39
142.20 c4 0.60 0.39
142.50 f#4 0.30 0.39
142.80 e4 0.60 0.39
142.20 c5 1.20 0.39
142.80 a3 0.60 0.39
143.40 d4 0.60 0.39
143.40 f#3 0.60 0.39
143.40 d5 0.60 0.39
144.00 e4 0.30 0.39
144.30 f#4 0.30 0.39
144.60 g4 0.30 0.39
144.00 b3 1.05 0.39
144.00 b4 1.20 0.39
144.90 e4 0.30 0.39
145.20 b4 0.30 0.39
145.20 f#4 0.30 0.39
145.20 c4 0.45 0.39
145.50 g4 0.30 0.39
145.50 e5 0.30 0.39
145.80 b4 0.30 0.39
146.10 a4 0.30 0.39
145.80 d5 1.20 0.39
147.00 e5 0.30 0.39
145.80 g3 1.65 0.39
146.40 d4 1.20 0.39
147.30 f#5 0.30 0.39
147.60 a4 0.30 0.39
147.60 g5 0.60 0.39
147.90 g4 0.30 0.39
147.60 f#3 1.20 0.39
148.20 f#5 0.60 0.39
148.20 f#4 0.60 0.39
148.80 d3 0.60 0.39
148.80 d5 0.60 0.39
148.80 d4 0.60 0.39
149.40 e4 1.20 0.39
149.40 b3 1.35 0.39
149.40 e3 1.35 0.39
149.40 e5 1.65 0.39
151.50 e2 0.15 0.39
151.80 e2 0.15 0.39
152.10 e2 0.15 0.39
152.40 e2 0.15 0.39
153.00 e2 0.15 0.39
153.60 b1 0.15 0.39
155.25 e2 0.15 0.39
155.40 e2 0.15 0.39
156.00 e2 0.15 0.39
156.30 g2 0.15 0.39
156.60 e2 0.15 0.39
160.20 e2 0.15 0.39
160.80 b1 0.15 0.39
162.00 e2 0.15 0.39
162.45 e2 0.15 0.39
162.60 e2 0.15 0.39
163.20 e2 0.15 0.39
163.50 g2 0.15 0.39
163.80 e2 0.15 0.39
165.90 e2 0.15 0.39
166.20 e2 0.15 0.39
166.50 e2 0.15 0.39
166.80 e2 0.15 0.39
167.40 e2 0.15 0.39
168.00 b1 0.15 0.39
169.65 e2 0.15 0.39
169.80 e2 0.15 0.39
170.40 e2 0.15 0.39
170.70 g2 0.15 0.39
171.00 e2 0.15 0.39
174.60 e2 0.15 0.39
175.20 b1 0.15 0.39
176.40 e2 0.15 0.39
176.85 e2 0.15 0.39
177.00 e2 0.15 0.39
177.60 e2 0.15 0.39
177.90 g2 0.15 0.39
178.20 e2 0.15 0.39
180.00 e5 0.15 0.39
180.00 a5 0.15 0.39
180.30 a5 0.15 0.39
180.30 e5 0.15 0.39
180.60 e5 0.15 0.39
180.90 c#5 0.15 0.39
180.90 e5 0.15 0.39
181.20 a4 0.15 0.39
181.20 c#5 0.15 0.39
181.50 c#5 0.15 0.39
181.50 a4 0.15 0.39
181.80 a5 0.15 0.39
181.80 e5 0.15 0.39
182.10 a5 0.15 0.39
182.10 e5 0.15 0.39
182.40 c#5 0.15 0.39
182.40 e5 0.15 0.39
182.70 e5 0.15 0.39
182.70 c#5 0.15 0.39
183.00 a4 0.15 0.39
183.00 c#5 0.15 0.39
183.30 a4 0.15 0.39
183.30 c#5 0.15 0.39
183.60 e5 0.15 0.39
183.60 b4 0.15 0.39
183.90 b4 0.15 0.39
183.90 e5 0.15 0.39
184.20 g4 0.15 0.39
184.20 b4 0.15 0.39
184.50 g4 0.15 0.39
184.50 b4 0.15 0.39
184.80 g4 0.15 0.39
184.80 e4 0.15 0.39
185.10 g4 0.15 0.39
185.10 e4 0.15 0.39
185.40 b4 0.15 0.39
185.40 e5 0.15 0.39
185.70 e5 0.15 0.39
185.70 b4 0.15 0.39
186.00 b4 0.15 0.39
186.00 g4 0.15 0.39
186.30 g4 0.15 0.39
186.30 b4 0.15 0.39
186.60 e4 0.15 0.39
186.60 g4 0.15 0.39
186.90 g4 0.15 0.39
186.90 e4 0.15 0.39
187.20 e5 0.15 0.39
187.50 e5 0.15 0.39
187.50 a5 0.15 0.39
187.80 c#5 0.15 0.39
187.80 e5 0.15 0.39
188.10 e5 0.15 0.39
188.10 c#5 0.15 0.39
188.40 a4 0.15 0.39
188.40 c#5 0.15 0.39
188.70 a4 0.15 0.39
188.70 c#5 0.15 0.39
189.00 a5 0.15 0.39
189.00 e5 0.15 0.39
189.30 e5 0.15 0.39
189.30 a5 0.15 0.39
189.60 c#5 0.15 0.39
189.90 c#5 0.15 0.39
189.90 e5 0.15 0.39
190.20 c#5 0.15 0.39
190.20 a4 0.15 0.39
190.50 c#5 0.15 0.39
190.50 a4 0.15 0.39
190.80 e5 0.15 0.39
190.80 b4 0.15 0.39
191.10 e5 0.15 0.39
191.10 b4 0.15 0.39
191.40 b4 0.15 0.39
191.40 g4 0.15 0.39
191.70 g4 0.15 0.39
191.70 b4 0.15 0.39
192.00 e4 0.15 0.39
192.00 g4 0.15 0.39
192.30 g4 0.15 0.39
192.30 e4 0.15 0.39
192.60 e5 0.15 0.39
192.60 b4 0.15 0.39
192.90 b4 0.15 0.39
192.90 e5 0.15 0.39
193.20 b4 0.15 0.39
193.20 g4 0.15 0.39
193.50 b4 0.15 0.39
193.50 g4 0.15 0.39
193.80 e4 0.15 0.39
193.80 g4 0.15 0.39
194.10 e4 0.15 0.39
194.10 g4 0.15 0.39
194.40 e5 0.15 0.39
194.40 e5 0.15 0.39
194.40 a5 0.15 0.39
194.70 e5 0.15 0.39
194.70 e5 0.15 0.39
194.70 a5 0.15 0.39
195.00 c#5 0.15 0.39
195.00 e5 0.15 0.39
195.30 e5 0.15 0.39
195.30 c#5 0.15 0.39
195.60 c#5 0.15 0.39
195.60 a4 0.15 0.39
195.90 a4 0.15 0.39
195.90 c#5 0.15 0.39
196.20 e5 0.15 0.39
196.20 a5 0.15 0.39
196.50 e5 0.15 0.39
196.50 a5 0.15 0.39
196.80 c#5 0.15 0.39
196.80 e5 0.15 0.39
197.10 c#5 0.15 0.39
197.10 e5 0.15 0.39
197.40 a4 0.15 0.39
197.40 c#5 0.15 0.39
197.70 a4 0.15 0.39
197.70 c#5 0.15 0.39
198.00 e5 0.15 0.39
198.00 g5 0.15 0.39
198.30 e5 0.15 0.39
198.30 g5 0.15 0.39
198.60 c5 0.15 0.39
198.60 e5 0.15 0.39
198.90 e5 0.15 0.39
198.90 c5 0.15 0.39
199.20 g4 0.15 0.39
199.20 c5 0.15 0.39
199.50 c5 0.15 0.39
199.50 g4 0.15 0.39
199.80 e5 0.15 0.39
199.80 g5 0.15 0.39
200.10 e5 0.15 0.39
200.10 g5 0.15 0.39
200.40 e5 0.15 0.39
200.40 c5 0.15 0.39
200.70 e5 0.15 0.39
200.70 c5 0.15 0.39
201.00 g4 0.15 0.39
201.00 c5 0.15 0.39
201.30 g4 0.15 0.39
201.30 c5 0.15 0.39
201.60 c5 0.15 0.39
201.60 f5 0.15 0.39
201.90 f5 0.15 0.39
201.90 c5 0.15 0.39
202.20 c5 0.15 0.39
202.20 a4 0.15 0.39
202.50 a4 0.15 0.39
202.50 c5 0.15 0.39
202.80 a4 0.15 0.39
202.80 f4 0.15 0.39
203.10 f4 0.15 0.39
203.10 a4 0.15 0.39
203.40 c5 0.15 0.39
203.40 f5 0.15 0.39
203.70 c5 0.15 0.39
204.00 a4 0.15 0.39
204.00 c5 0.15 0.39
204.30 c5 0.15 0.39
204.30 a4 0.15 0.39
204.60 f4 0.15 0.39
204.60 a4 0.15 0.39
204.90 f4 0.15 0.39
204.90 a4 0.15 0.39
205.20 g5 0.15 0.39
205.20 d5 0.15 0.39
205.50 d5 0.15 0.39
205.50 g5 0.15 0.39
205.80 d5 0.15 0.39
205.80 b4 0.15 0.39
206.10 b4 0.15 0.39
206.10 d5 0.15 0.39
206.40 g4 0.15 0.39
206.40 b4 0.15 0.39
206.70 g4 0.15 0.39
206.70 b4 0.15 0.39
207.00 d5 0.15 0.39
207.30 g5 0.15 0.39
207.30 d5 0.15 0.39
207.60 d5 0.15 0.39
207.60 b4 0.15 0.39
207.90 b4 0.15 0.39
207.90 d5 0.15 0.39
208.20 b4 0.15 0.39
208.20 g4 0.15 0.39
208.50 g4 0.15 0.39
208.50 b4 0.15 0.39
208.80 a4 0.15 0.39
209.40 a4 0.15 0.39
209.40 e4 0.15 0.39
209.70 g4 0.15 0.39
210.00 a4 0.15 0.39
210.00 e4 0.15 0.39
210.30 g4 0.15 0.39
210.30 d4 0.15 0.39
210.60 a4 0.15 0.39
210.60 e4 0.15 0.39
210.90 d4 0.15 0.39
210.90 g4 0.15 0.39
211.20 e4 0.15 0.39
211.20 b3 0.15 0.39
211.50 d4 0.15 0.39
211.50 g4 0.15 0.39
211.80 b3 0.15 0.39
211.80 e4 0.15 0.39
212.10 g4 0.15 0.39
212.10 d4 0.15 0.39
212.40 e4 0.15 0.39
212.40 b3 0.15 0.39
212.70 d4 0.15 0.39
212.70 g4 0.15 0.39
213.00 e4 0.15 0.39
213.00 b3 0.15 0.39
213.30 d4 0.15 0.39
213.30 g4 0.15 0.39
213.60 b3 0.15 0.39
213.60 e4 0.15 0.39
213.90 g4 0.15 0.39
213.90 d4 0.15 0.39
214.20 e4 1.35 0.39
214.20 a4 1.35 0.39
end
