# Outputted with MidiToZac v0.2
# Start of Music
bpm 60

num_parts 2

# Instrument: Acoustic Grand Piano

part
num_notes 269
0.00 a5 0.09 0.45
0.09 f5 0.09 0.41
0.19 a5 0.09 0.41
0.28 f5 0.09 0.41
0.38 b5 0.09 0.42
0.47 g5 0.09 0.41
0.56 b5 0.09 0.41
0.66 g5 0.09 0.41
0.75 c6 0.09 0.43
0.84 a5 0.09 0.41
0.94 c6 0.09 0.41
1.03 a5 0.09 0.41
1.13 d6 0.10 0.42
1.22 b5 0.10 0.41
1.32 d6 0.10 0.41
1.41 b5 0.10 0.41
1.51 c6 0.19 0.54
1.70 b5 0.19 0.50
1.89 a5 0.19 0.51
2.08 g5 0.19 0.50
2.26 c6 0.19 0.53
2.45 b5 0.19 0.50
2.64 a5 0.19 0.51
2.83 g5 0.19 0.50
3.01 c6 0.19 0.54
3.20 b5 0.19 0.50
3.39 a5 0.19 0.51
3.58 g5 0.19 0.50
3.76 c6 0.19 0.53
3.95 b5 0.19 0.50
4.14 a5 0.19 0.51
4.33 g5 0.19 0.50
4.51 c6 0.19 0.54
4.70 b5 0.19 0.50
4.89 a5 0.19 0.51
5.08 g5 0.19 0.50
5.26 c6 0.19 0.53
5.45 b5 0.19 0.50
5.64 a5 0.19 0.51
5.83 g5 0.19 0.50
6.01 c6 0.19 0.54
6.20 b5 0.19 0.50
6.39 a5 0.19 0.51
6.58 g5 0.19 0.50
6.76 c6 0.19 0.53
6.95 b5 0.19 0.50
7.14 a5 0.19 0.51
7.33 g5 0.19 0.50
7.53 c6 0.19 0.54
7.72 b5 0.19 0.50
7.90 a5 0.19 0.51
8.09 g5 0.19 0.50
8.28 c6 0.19 0.53
8.47 b5 0.19 0.50
8.65 a5 0.19 0.51
8.84 g5 0.19 0.50
9.03 c6 0.19 0.54
9.22 b5 0.19 0.50
9.40 a5 0.19 0.51
9.59 g5 0.19 0.50
9.78 c6 0.19 0.53
9.97 b5 0.19 0.50
10.15 a5 0.19 0.51
10.34 g5 0.19 0.50
10.53 c6 0.19 0.54
10.72 b5 0.19 0.50
10.90 a5 0.19 0.51
11.09 g5 0.19 0.50
11.28 c6 0.19 0.53
11.47 b5 0.19 0.50
11.65 a5 0.19 0.51
11.84 g5 0.19 0.50
12.03 c6 0.19 0.54
12.22 b5 0.19 0.50
12.40 a5 0.19 0.51
12.59 g5 0.19 0.50
12.78 c6 0.19 0.53
12.97 b5 0.19 0.50
13.15 a5 0.19 0.51
13.34 g5 0.19 0.50
14.09 c6 0.19 0.41
14.28 c6 0.19 0.43
13.90 e5 0.56 0.53
13.90 c5 0.56 0.45
14.47 a5 0.38 0.50
14.84 c6 0.19 0.50
14.47 e5 0.56 0.55
14.47 c5 0.56 0.44
15.03 b5 0.38 0.54
15.40 c6 0.19 0.51
15.03 d5 0.56 0.59
15.59 b5 0.38 0.50
15.97 g5 0.09 0.50
16.06 a5 0.09 0.50
16.15 c6 0.19 0.51
15.59 d5 0.75 0.55
15.59 b4 0.75 0.44
16.34 a5 0.19 0.50
17.09 a5 0.19 0.41
17.28 e6 0.19 0.43
16.90 e5 0.56 0.56
16.90 c5 0.56 0.45
17.47 d6 0.38 0.50
17.84 c6 0.19 0.50
17.47 e5 0.56 0.55
17.47 c5 0.56 0.44
18.03 b5 0.38 0.54
18.40 c6 0.19 0.51
18.03 d5 0.56 0.59
18.03 b4 0.56 0.48
18.59 b5 0.38 0.50
18.97 g5 0.09 0.50
19.06 a5 0.09 0.50
19.15 c6 0.19 0.51
18.59 d5 0.75 0.55
18.59 b4 0.75 0.44
19.34 e6 0.19 0.50
20.09 c6 0.19 0.41
20.28 c6 0.19 0.43
19.90 e5 0.56 0.56
19.90 c5 0.56 0.45
20.47 a5 0.38 0.50
20.84 c6 0.19 0.50
20.47 e5 0.56 0.55
20.47 c5 0.56 0.44
21.03 b5 0.38 0.54
21.40 c6 0.19 0.51
21.03 d5 0.56 0.59
21.03 b4 0.56 0.48
21.59 b5 0.38 0.50
21.97 g5 0.09 0.50
22.06 a5 0.09 0.50
22.15 c6 0.19 0.51
21.59 d5 0.75 0.55
21.59 b4 0.75 0.44
22.34 a5 0.19 0.50
23.09 a5 0.19 0.41
23.28 a5 0.19 0.43
22.90 c5 0.56 0.56
22.90 a4 0.56 0.45
23.47 f5 0.38 0.50
23.84 a5 0.19 0.50
23.47 c5 0.56 0.55
23.47 a4 0.56 0.44
24.03 g5 0.38 0.54
24.40 a5 0.19 0.51
24.03 b4 0.56 0.59
24.03 g4 0.56 0.48
24.59 g5 0.38 0.50
24.59 b4 0.75 0.55
24.59 g4 0.75 0.44
24.97 c5 0.56 0.50
26.09 c6 0.19 0.41
26.28 c6 0.19 0.43
25.90 e5 0.56 0.56
25.90 c5 0.56 0.45
26.47 a5 0.38 0.50
26.84 c6 0.19 0.50
26.47 e5 0.56 0.55
26.47 c5 0.56 0.44
27.03 b5 0.38 0.54
27.40 c6 0.19 0.51
27.03 d5 0.56 0.59
27.03 b4 0.56 0.48
27.59 b5 0.38 0.50
27.97 g5 0.09 0.50
28.06 a5 0.09 0.50
28.15 c6 0.19 0.51
27.59 d5 0.75 0.55
27.59 b4 0.75 0.44
28.34 a5 0.19 0.50
29.09 a5 0.19 0.41
29.28 e6 0.19 0.43
28.90 e5 0.56 0.56
28.90 c5 0.56 0.45
29.47 d6 0.38 0.50
29.84 c6 0.19 0.50
29.47 e5 0.56 0.55
29.47 c5 0.56 0.44
30.03 b5 0.38 0.54
30.40 c6 0.19 0.51
30.03 d5 0.56 0.59
30.03 b4 0.56 0.48
30.59 b5 0.38 0.50
30.97 g5 0.09 0.50
31.06 a5 0.09 0.50
31.15 c6 0.19 0.51
30.59 d5 0.75 0.55
30.59 b4 0.75 0.44
31.34 e6 0.19 0.50
32.09 c6 0.19 0.41
32.28 c6 0.19 0.43
31.90 e5 0.56 0.56
31.90 c5 0.56 0.45
32.47 a5 0.38 0.50
32.84 c6 0.19 0.50
32.47 e5 0.56 0.55
32.47 c5 0.56 0.44
33.03 b5 0.38 0.54
33.40 c6 0.19 0.51
33.03 d5 0.56 0.59
33.03 b4 0.56 0.48
33.59 b5 0.38 0.50
33.97 g5 0.09 0.50
34.06 a5 0.09 0.50
34.15 c6 0.19 0.51
33.59 d5 0.75 0.55
33.59 b4 0.75 0.44
34.34 a5 0.19 0.50
35.09 a5 0.19 0.41
35.28 a5 0.19 0.43
34.90 c5 0.56 0.56
34.90 a4 0.56 0.45
35.47 f5 0.38 0.50
35.84 a5 0.19 0.50
35.47 c5 0.56 0.55
35.47 a4 0.56 0.44
36.03 g5 0.38 0.54
36.40 a5 0.19 0.51
36.03 b4 0.56 0.59
36.03 g4 0.56 0.48
36.59 g5 0.38 0.50
36.97 c5 0.19 0.50
37.15 c5 0.19 0.51
36.59 b4 0.75 0.55
36.59 g4 0.75 0.44
37.34 e5 0.19 0.50
37.53 a#5 0.56 0.54
38.09 a5 0.56 0.50
37.53 d5 1.50 0.59
37.53 a#4 1.50 0.48
38.65 g5 0.56 0.51
39.22 f5 0.56 0.50
39.97 c5 0.19 0.50
39.78 e5 0.38 0.53
40.34 e5 0.19 0.50
40.15 d5 0.38 0.51
40.53 a4 0.56 0.54
41.09 b4 0.56 0.50
40.53 c5 1.12 0.54
41.65 c5 0.56 0.51
42.22 d5 0.56 0.50
42.97 c5 0.19 0.41
42.78 e5 0.38 0.53
43.15 c5 0.19 0.42
43.34 e5 0.19 0.41
43.15 a5 0.38 0.51
43.53 g#5 0.56 0.54
44.09 g5 0.56 0.50
43.53 d#5 1.50 0.54
44.65 f5 0.56 0.51
45.22 d#5 0.56 0.50
45.78 c5 0.38 0.53
46.15 d#5 0.38 0.51
46.72 g5 0.19 0.50
46.90 a5 0.19 0.51
46.53 c6 0.75 0.54
47.09 g5 0.38 0.50
47.47 a5 0.19 0.50
47.65 e6 0.19 0.51
47.28 c6 0.75 0.53
48.03 e7 0.19 0.54
48.22 e7 0.19 0.50
48.40 f7 0.19 0.51
48.59 e7 0.19 0.50
48.78 g7 0.19 0.53
48.97 e7 0.19 0.50
49.15 e7 0.19 0.51
49.34 c7 0.19 0.50
end

# Instrument: Acoustic Grand Piano

part
num_notes 355
0.19 a1 0.19 0.37
0.38 a2 0.19 0.42
0.56 a1 0.19 0.37
0.75 a#1 0.19 0.40
0.94 a#2 0.19 0.41
1.13 b1 0.19 0.39
1.32 b2 0.19 0.41
1.51 c4 0.19 0.54
1.70 c4 0.19 0.50
1.89 c4 0.19 0.51
1.51 b4 0.57 0.59
1.51 g4 0.57 0.48
2.08 c4 0.19 0.50
2.26 c4 0.19 0.53
2.45 c4 0.19 0.50
2.08 a4 0.56 0.55
2.08 f4 0.56 0.44
2.64 c4 0.19 0.51
2.83 c4 0.19 0.50
3.01 c4 0.19 0.54
2.64 b4 0.56 0.56
2.64 g4 0.56 0.45
3.20 c4 0.19 0.50
3.39 c4 0.19 0.51
3.58 c4 0.19 0.50
3.20 a4 0.56 0.55
3.20 f4 0.56 0.44
3.76 c4 0.19 0.53
3.95 c4 0.19 0.50
3.76 b4 0.38 0.57
3.76 g4 0.38 0.46
4.14 c4 0.19 0.51
4.33 c4 0.19 0.50
4.14 a4 0.38 0.56
4.14 f4 0.38 0.45
4.51 c4 0.19 0.54
4.70 c4 0.19 0.50
4.89 c4 0.19 0.51
4.51 c5 0.56 0.59
4.51 a4 0.56 0.48
5.08 c4 0.19 0.50
5.26 c4 0.19 0.53
5.45 c4 0.19 0.50
5.08 b4 0.56 0.55
5.08 g4 0.56 0.44
5.64 c4 0.19 0.51
5.83 c4 0.19 0.50
6.01 c4 0.19 0.54
6.20 c4 0.19 0.50
6.39 a3 0.19 0.51
6.58 a3 0.19 0.50
6.76 a#3 0.19 0.53
6.95 a#3 0.19 0.50
7.14 b3 0.19 0.51
7.33 b3 0.19 0.50
5.64 a4 1.89 0.56
5.64 f4 1.89 0.45
7.53 c4 0.19 0.54
7.72 c4 0.19 0.50
7.90 c4 0.19 0.51
7.53 a4 0.57 0.59
7.53 f4 0.57 0.48
8.09 c4 0.19 0.50
8.28 c4 0.19 0.53
8.47 c4 0.19 0.50
8.09 b4 0.56 0.55
8.09 g4 0.56 0.44
8.65 c4 0.19 0.51
8.84 c4 0.19 0.50
8.65 c5 0.38 0.56
8.65 a4 0.38 0.45
9.03 c4 0.19 0.54
9.22 c4 0.19 0.50
9.40 c4 0.19 0.51
9.03 a4 0.56 0.59
9.03 f4 0.56 0.48
9.59 c4 0.19 0.50
9.78 c4 0.19 0.53
9.97 c4 0.19 0.50
9.59 b4 0.56 0.55
9.59 g4 0.56 0.44
10.15 c4 0.19 0.51
10.34 c4 0.19 0.50
10.15 c5 0.38 0.56
10.15 a4 0.38 0.45
10.53 c4 0.19 0.54
10.72 c4 0.19 0.50
10.90 c4 0.19 0.51
10.53 c5 0.56 0.59
10.53 a4 0.56 0.48
11.09 c4 0.19 0.50
11.28 c4 0.19 0.53
11.47 c4 0.19 0.50
11.65 c4 0.19 0.51
11.84 c4 0.19 0.50
12.03 c3 0.19 0.54
12.22 c3 0.19 0.50
12.40 c3 0.19 0.50
12.59 c3 0.19 0.50
12.78 c3 0.19 0.52
12.97 c3 0.19 0.50
13.15 d3 0.19 0.51
13.34 e3 0.19 0.50
11.09 b4 2.44 0.55
11.09 g4 2.44 0.44
13.53 f3 0.19 0.54
13.72 f3 0.19 0.50
13.53 e4 0.38 0.45
13.90 f3 0.19 0.51
14.09 f3 0.19 0.50
13.90 c4 0.38 0.42
14.28 f3 0.19 0.53
14.47 f3 0.19 0.50
14.28 a3 0.38 0.43
14.65 f3 0.38 0.42
14.84 f3 0.19 0.50
15.03 e3 0.19 0.54
15.22 e3 0.19 0.50
15.03 d4 0.38 0.45
15.40 e3 0.19 0.51
15.59 e3 0.19 0.50
15.40 b3 0.38 0.42
15.78 e3 0.19 0.53
15.97 c3 0.19 0.50
15.78 g3 0.38 0.43
16.15 d3 0.19 0.51
16.34 e3 0.19 0.50
16.15 d4 0.38 0.42
16.53 f3 0.19 0.54
16.72 f3 0.19 0.50
16.53 e4 0.38 0.45
16.90 f3 0.19 0.51
17.09 f3 0.19 0.50
16.90 c4 0.38 0.42
17.28 f3 0.19 0.53
17.47 f3 0.19 0.50
17.28 a3 0.38 0.43
17.65 f3 0.38 0.42
17.84 f3 0.19 0.50
18.03 e3 0.19 0.54
18.22 e3 0.19 0.50
18.03 d4 0.38 0.45
18.40 e3 0.19 0.51
18.59 e3 0.19 0.50
18.40 b3 0.38 0.42
18.78 e3 0.19 0.53
18.97 c3 0.19 0.50
18.78 g3 0.38 0.43
19.15 d3 0.19 0.51
19.34 e3 0.19 0.50
19.15 d4 0.38 0.42
19.53 f3 0.19 0.54
19.72 f3 0.19 0.50
19.53 e4 0.38 0.45
19.90 f3 0.19 0.51
20.09 f3 0.19 0.50
19.90 c4 0.38 0.42
20.28 f3 0.19 0.53
20.47 f3 0.19 0.50
20.28 a3 0.38 0.43
20.65 f3 0.38 0.42
20.84 f3 0.19 0.50
21.03 e3 0.19 0.54
21.22 e3 0.19 0.50
21.03 d4 0.38 0.45
21.40 e3 0.19 0.51
21.59 e3 0.19 0.50
21.40 b3 0.38 0.42
21.78 e3 0.19 0.53
21.97 c3 0.19 0.50
21.78 g3 0.38 0.43
22.15 d3 0.19 0.51
22.34 e3 0.19 0.50
22.15 d4 0.38 0.42
22.53 d3 0.19 0.54
22.72 d3 0.19 0.50
22.53 d4 0.38 0.45
22.90 d3 0.19 0.51
23.09 d3 0.19 0.50
22.90 a3 0.38 0.42
23.28 d3 0.19 0.53
23.47 d3 0.19 0.50
23.28 f3 0.38 0.43
23.65 d3 0.19 0.51
23.84 d3 0.19 0.50
23.65 a3 0.38 0.42
24.03 c3 0.19 0.54
24.22 c3 0.19 0.50
24.03 g3 0.38 0.45
24.40 c3 0.19 0.50
24.59 c3 0.19 0.50
24.40 e3 0.38 0.42
24.78 c3 0.19 0.52
24.97 c3 0.19 0.50
24.78 g3 0.38 0.43
25.15 d3 0.19 0.51
25.34 e3 0.19 0.50
25.15 g3 0.38 0.42
25.53 f3 0.19 0.54
25.72 f3 0.19 0.50
25.53 e4 0.38 0.45
25.90 f3 0.19 0.51
26.09 f3 0.19 0.50
25.90 c4 0.38 0.42
26.28 f3 0.19 0.53
26.47 f3 0.19 0.50
26.28 a3 0.38 0.43
26.65 f3 0.38 0.42
26.84 f3 0.19 0.50
27.03 e3 0.19 0.54
27.22 e3 0.19 0.50
27.03 d4 0.38 0.45
27.40 e3 0.19 0.51
27.59 e3 0.19 0.50
27.40 b3 0.38 0.42
27.78 e3 0.19 0.53
27.97 c3 0.19 0.50
27.78 g3 0.38 0.43
28.15 d3 0.19 0.51
28.34 e3 0.19 0.50
28.15 d4 0.38 0.42
28.53 f3 0.19 0.54
28.72 f3 0.19 0.50
28.53 e4 0.38 0.45
28.90 f3 0.19 0.51
29.09 f3 0.19 0.50
28.90 c4 0.38 0.42
29.28 f3 0.19 0.53
29.47 f3 0.19 0.50
29.28 a3 0.38 0.43
29.65 f3 0.38 0.42
29.84 f3 0.19 0.50
30.03 e3 0.19 0.54
30.22 e3 0.19 0.50
30.03 d4 0.38 0.45
30.40 e3 0.19 0.51
30.59 e3 0.19 0.50
30.40 b3 0.38 0.42
30.78 e3 0.19 0.53
30.97 c3 0.19 0.50
30.78 g3 0.38 0.43
31.15 d3 0.19 0.51
31.34 e3 0.19 0.50
31.15 d4 0.38 0.42
31.53 f3 0.19 0.54
31.72 f3 0.19 0.50
31.53 e4 0.38 0.45
31.90 f3 0.19 0.51
32.09 f3 0.19 0.50
31.90 c4 0.38 0.42
32.28 f3 0.19 0.53
32.47 f3 0.19 0.50
32.28 a3 0.38 0.43
32.65 f3 0.38 0.42
32.84 f3 0.19 0.50
33.03 e3 0.19 0.54
33.22 e3 0.19 0.50
33.03 d4 0.38 0.45
33.40 e3 0.19 0.51
33.59 e3 0.19 0.50
33.40 b3 0.38 0.42
33.78 e3 0.19 0.53
33.97 c3 0.19 0.50
33.78 g3 0.38 0.43
34.15 d3 0.19 0.51
34.34 e3 0.19 0.50
34.15 d4 0.38 0.42
34.53 d3 0.19 0.54
34.72 d3 0.19 0.50
34.53 d4 0.38 0.45
34.90 d3 0.19 0.51
35.09 d3 0.19 0.50
34.90 a3 0.38 0.42
35.28 d3 0.19 0.53
35.47 d3 0.19 0.50
35.28 f3 0.38 0.43
35.65 d3 0.19 0.51
35.84 d3 0.19 0.50
35.65 a3 0.38 0.42
36.03 c3 0.19 0.54
36.22 c3 0.19 0.50
36.03 g3 0.38 0.45
36.40 c3 0.19 0.50
36.59 c3 0.19 0.50
36.40 e3 0.38 0.42
36.78 c3 0.19 0.52
36.97 c3 0.19 0.50
36.78 g3 0.38 0.43
37.15 d3 0.19 0.51
37.34 e3 0.19 0.50
37.15 g3 0.38 0.42
37.53 a#3 0.19 0.45
37.72 f3 0.19 0.41
37.90 d4 0.19 0.42
38.09 f3 0.19 0.41
38.28 a#3 0.19 0.43
38.47 f3 0.19 0.41
38.65 d4 0.19 0.42
38.84 f3 0.19 0.41
39.03 a#3 0.19 0.45
39.22 f3 0.19 0.41
39.40 d4 0.19 0.42
39.59 f3 0.19 0.41
39.78 a#3 0.19 0.43
39.97 f3 0.19 0.41
40.15 d4 0.19 0.42
40.34 f3 0.19 0.41
40.53 a3 0.19 0.45
40.72 e3 0.19 0.41
40.90 c4 0.19 0.42
41.09 e3 0.19 0.41
41.28 a3 0.19 0.43
41.47 e3 0.19 0.41
41.65 c4 0.19 0.42
41.84 e3 0.19 0.41
42.03 a3 0.19 0.45
42.22 e3 0.19 0.41
42.40 c4 0.19 0.42
42.59 e3 0.19 0.41
42.78 a3 0.19 0.43
42.97 e3 0.19 0.41
43.15 c4 0.19 0.42
43.34 e3 0.19 0.41
43.53 g#3 0.19 0.45
43.72 d#3 0.19 0.41
43.90 c4 0.19 0.42
44.09 d#3 0.19 0.41
44.28 g#3 0.19 0.43
44.47 d#3 0.19 0.41
44.65 c4 0.19 0.42
44.84 d#3 0.19 0.41
45.03 g#3 0.19 0.45
45.22 d#3 0.19 0.41
45.40 c4 0.19 0.42
45.59 d#3 0.19 0.41
45.78 g#3 0.19 0.43
45.97 d#3 0.19 0.41
46.15 c4 0.19 0.42
46.34 d#3 0.19 0.41
46.53 c4 0.19 0.45
46.72 g3 0.19 0.41
46.90 e4 0.19 0.42
47.09 g3 0.19 0.41
47.28 c4 0.19 0.43
47.47 g3 0.19 0.41
47.65 e4 0.19 0.42
47.84 g3 0.19 0.41
48.03 c4 0.19 0.45
48.22 g3 0.19 0.41
48.40 e4 0.19 0.42
48.59 g3 0.19 0.41
48.78 c4 0.19 0.43
48.97 g3 0.19 0.41
49.15 e4 0.19 0.42
49.34 g3 0.19 0.41
end
