# Outputted with MidiToZac v0.2
# Start of Music
bpm 60

num_parts 1

# Instrument: 

part
num_notes 362
0.00 g5 0.12 0.63
0.12 g5 0.12 0.63
0.25 d#5 0.24 0.63
0.50 a#4 0.24 0.63
0.75 d#5 0.12 0.63
0.88 g5 0.24 0.63
1.12 g5 0.12 0.63
1.25 d#5 0.24 0.63
1.50 a#4 0.47 0.63
2.00 f5 0.12 0.63
2.12 f5 0.12 0.63
2.25 d5 0.24 0.63
2.50 a#4 0.24 0.63
2.75 g4 0.12 0.63
2.88 c5 1.07 0.63
4.00 g5 0.12 0.63
4.12 g5 0.12 0.63
4.25 d#5 0.24 0.63
4.50 a#4 0.24 0.63
4.75 d#5 0.12 0.63
4.88 g5 0.24 0.63
5.12 g5 0.12 0.63
5.25 d#5 0.24 0.63
5.50 a#4 0.47 0.63
6.00 f5 0.12 0.63
6.12 f5 0.12 0.63
6.25 d5 0.24 0.63
6.50 a#4 0.24 0.63
6.75 g4 0.12 0.63
6.88 c5 1.07 0.63
10.00 g5 0.47 0.63
10.50 d#5 0.47 0.63
11.00 c5 0.47 0.63
11.50 g4 0.47 0.63
12.00 c5 0.24 0.63
12.25 g4 0.24 0.63
12.50 a#4 0.12 0.63
12.62 c5 0.24 0.63
12.88 d#5 0.24 0.63
13.12 d#5 0.12 0.63
13.25 d5 0.24 0.63
13.50 c5 0.24 0.63
13.75 a#4 0.24 0.63
14.00 d#5 0.24 0.63
14.25 a#4 0.24 0.63
14.50 d#5 0.12 0.63
14.62 g4 0.12 0.63
14.75 a#4 1.19 0.63
16.00 f5 0.24 0.63
16.25 d5 0.24 0.63
16.50 f5 0.24 0.63
16.75 g5 0.12 0.63
16.88 g#5 0.36 0.63
17.25 g5 0.24 0.63
17.50 f5 0.24 0.63
17.75 d#5 0.24 0.63
18.00 g5 0.24 0.63
18.25 d#5 0.24 0.63
18.50 d5 0.24 0.63
18.75 d#5 0.12 0.63
18.88 c5 1.07 0.63
20.00 c5 0.24 0.63
20.25 g4 0.24 0.63
20.50 a#4 0.12 0.63
20.62 c5 0.24 0.63
20.88 d#5 0.24 0.63
21.12 d#5 0.12 0.63
21.25 d5 0.24 0.63
21.50 c5 0.24 0.63
21.75 a#4 0.24 0.63
22.00 d#5 0.24 0.63
22.25 a#4 0.24 0.63
22.50 d#5 0.12 0.63
22.62 g4 0.12 0.63
22.75 a#4 1.19 0.63
24.00 f5 0.24 0.63
24.25 d5 0.24 0.63
24.50 f5 0.24 0.63
24.75 g5 0.12 0.63
24.88 g#5 0.36 0.63
25.25 g5 0.24 0.63
25.50 f5 0.24 0.63
25.75 d#5 0.24 0.63
26.00 g5 0.24 0.63
26.25 d#5 0.24 0.63
26.50 d5 0.24 0.63
26.75 d#5 0.12 0.63
26.88 c5 1.07 0.63
28.00 g#4 0.71 0.63
28.75 d#5 0.47 0.63
29.25 d5 0.24 0.63
29.50 c5 0.24 0.63
29.75 g#4 0.24 0.63
30.00 a#4 0.71 0.63
30.75 f5 0.47 0.63
31.25 d#5 0.24 0.63
31.50 d5 0.24 0.63
31.75 f5 0.24 0.63
32.00 c5 0.71 0.63
32.75 g#5 0.47 0.63
33.25 g5 0.24 0.63
33.50 f5 0.24 0.63
33.75 d#5 0.24 0.63
34.00 d5 0.24 0.63
34.25 d5 0.24 0.63
34.50 d5 0.24 0.63
34.75 d#5 0.24 0.63
35.00 f5 0.24 0.63
35.25 d#5 0.24 0.63
35.50 d5 0.24 0.63
35.75 a#4 0.24 0.63
36.00 c5 0.24 0.63
36.25 g4 0.24 0.63
36.50 a#4 0.12 0.63
36.62 c5 0.24 0.63
36.88 d#5 0.24 0.63
37.12 d#5 0.12 0.63
37.25 d5 0.24 0.63
37.50 c5 0.24 0.63
37.75 a#4 0.24 0.63
38.00 d#5 0.24 0.63
38.25 a#4 0.24 0.63
38.50 d#5 0.12 0.63
38.62 g4 0.12 0.63
38.75 a#4 1.19 0.63
40.00 f5 0.24 0.63
40.25 d5 0.24 0.63
40.50 f5 0.24 0.63
40.75 g5 0.12 0.63
40.88 g#5 0.36 0.63
41.25 g5 0.24 0.63
41.50 f5 0.24 0.63
41.75 d#5 0.24 0.63
42.00 g5 0.24 0.63
42.25 d#5 0.24 0.63
42.50 d5 0.24 0.63
42.75 d#5 0.12 0.63
42.88 c5 1.07 0.63
44.00 c5 0.24 0.63
44.25 g4 0.24 0.63
44.50 a#4 0.12 0.63
44.62 c5 0.24 0.63
44.88 d#5 0.24 0.63
45.12 d#5 0.12 0.63
45.25 d5 0.24 0.63
45.50 c5 0.24 0.63
45.75 a#4 0.24 0.63
46.00 d#5 0.24 0.63
46.25 a#4 0.24 0.63
46.50 d#5 0.12 0.63
46.62 g4 0.12 0.63
46.75 a#4 1.19 0.63
48.00 f5 0.24 0.63
48.25 d5 0.24 0.63
48.50 f5 0.24 0.63
48.75 g5 0.12 0.63
48.88 g#5 0.36 0.63
49.25 g5 0.24 0.63
49.50 f5 0.24 0.63
49.75 d#5 0.24 0.63
50.00 g5 0.24 0.63
50.25 d#5 0.24 0.63
50.50 d5 0.24 0.63
50.75 d#5 0.12 0.63
50.88 c5 1.07 0.63
52.00 g#4 1.42 0.63
53.50 d#5 0.47 0.63
54.00 a#4 1.42 0.63
55.50 d#5 0.47 0.63
56.00 g#4 1.42 0.63
57.50 d#5 0.47 0.63
58.00 f5 0.12 0.63
58.12 d5 0.12 0.63
58.25 a#4 0.12 0.63
58.38 f5 0.12 0.63
58.50 d5 0.12 0.63
58.62 a#4 0.12 0.63
58.75 f5 0.12 0.63
58.88 d5 0.12 0.63
59.00 a#4 0.12 0.63
59.12 f5 0.12 0.63
59.25 d5 0.12 0.63
59.38 a#4 0.12 0.63
59.50 g5 0.12 0.63
59.62 a#4 0.12 0.63
59.75 f5 0.12 0.63
59.88 d5 0.12 0.63
60.00 g5 0.12 0.63
60.12 d#5 0.12 0.63
60.25 c5 0.12 0.63
60.38 g5 0.12 0.63
60.50 d#5 0.12 0.63
60.62 c5 0.12 0.63
60.75 g5 0.12 0.63
60.88 d#5 0.12 0.63
61.00 c5 0.12 0.63
61.12 g5 0.12 0.63
61.25 d#5 0.12 0.63
61.38 c5 0.12 0.63
61.50 g#5 0.12 0.63
61.62 c5 0.12 0.63
61.75 g5 0.12 0.63
61.88 d#5 0.12 0.63
62.00 g5 0.12 0.63
62.12 d#5 0.12 0.63
62.25 a#4 0.12 0.63
62.38 g5 0.12 0.63
62.50 d#5 0.12 0.63
62.62 a#4 0.12 0.63
62.75 g5 0.12 0.63
62.88 d#5 0.12 0.63
63.00 a#4 0.12 0.63
63.12 g5 0.12 0.63
63.25 d#5 0.12 0.63
63.38 a#4 0.12 0.63
63.50 g#5 0.12 0.63
63.62 g5 0.12 0.63
63.75 d#5 0.12 0.63
63.88 f5 0.12 0.63
64.00 f5 0.12 0.63
64.12 d5 0.12 0.63
64.25 a#4 0.12 0.63
64.38 f5 0.12 0.63
64.50 d5 0.12 0.63
64.62 a#4 0.12 0.63
64.75 f5 0.12 0.63
64.88 d5 0.12 0.63
65.00 a#4 0.12 0.63
65.12 f5 0.12 0.63
65.25 d5 0.12 0.63
65.38 a#4 0.12 0.63
65.50 g5 0.12 0.63
65.62 a#4 0.12 0.63
65.75 f5 0.12 0.63
65.88 d5 0.12 0.63
66.00 g5 0.12 0.63
66.12 d#5 0.12 0.63
66.25 c5 0.12 0.63
66.38 g5 0.12 0.63
66.50 d#5 0.12 0.63
66.62 c5 0.12 0.63
66.75 g5 0.12 0.63
66.88 d#5 0.12 0.63
67.00 c5 0.12 0.63
67.12 g5 0.12 0.63
67.25 d#5 0.12 0.63
67.38 c5 0.12 0.63
67.50 g#5 0.12 0.63
67.62 c5 0.12 0.63
67.75 g5 0.12 0.63
67.88 d#5 0.12 0.63
68.00 g5 0.12 0.63
68.12 d#5 0.12 0.63
68.25 a#4 0.12 0.63
68.38 g5 0.12 0.63
68.50 d#5 0.12 0.63
68.62 a#4 0.12 0.63
68.75 g5 0.12 0.63
68.88 d#5 0.12 0.63
69.00 a#4 0.12 0.63
69.12 g5 0.12 0.63
69.25 d#5 0.12 0.63
69.38 a#4 0.12 0.63
69.50 g#5 0.12 0.63
69.62 g5 0.12 0.63
69.75 d#5 0.12 0.63
69.88 f5 0.12 0.63
70.00 f5 0.12 0.63
70.12 d5 0.12 0.63
70.25 a#4 0.12 0.63
70.38 f5 0.12 0.63
70.50 d5 0.12 0.63
70.62 a#4 0.12 0.63
70.75 f5 0.12 0.63
70.88 d5 0.12 0.63
71.00 a#4 0.12 0.63
71.12 f5 0.12 0.63
71.25 d5 0.12 0.63
71.38 a#4 0.12 0.63
71.50 g5 0.12 0.63
71.62 a#4 0.12 0.63
71.75 f5 0.12 0.63
71.88 d5 0.12 0.63
72.00 g5 0.12 0.63
72.12 d#5 0.12 0.63
72.25 c5 0.12 0.63
72.38 g5 0.12 0.63
72.50 d#5 0.12 0.63
72.62 c5 0.12 0.63
72.75 g5 0.12 0.63
72.88 d#5 0.12 0.63
73.00 c5 0.12 0.63
73.12 g5 0.12 0.63
73.25 d#5 0.12 0.63
73.38 c5 0.12 0.63
73.50 g#5 0.12 0.63
73.62 c5 0.12 0.63
73.75 g5 0.12 0.63
73.88 d#5 0.12 0.63
74.00 g5 0.12 0.63
74.12 d#5 0.12 0.63
74.25 a#4 0.12 0.63
74.38 g5 0.12 0.63
74.50 d#5 0.12 0.63
74.62 a#4 0.12 0.63
74.75 g5 0.12 0.63
74.88 d#5 0.12 0.63
75.00 a#4 0.12 0.63
75.12 g5 0.12 0.63
75.25 d#5 0.12 0.63
75.38 a#4 0.12 0.63
75.50 g#5 0.12 0.63
75.62 g5 0.12 0.63
75.75 d#5 0.12 0.63
75.88 f5 0.12 0.63
76.00 f5 0.12 0.63
76.12 d5 0.12 0.63
76.25 a#4 0.12 0.63
76.38 f5 0.12 0.63
76.50 d5 0.12 0.63
76.62 a#4 0.12 0.63
76.75 f5 0.12 0.63
76.88 d5 0.12 0.63
77.00 a#4 0.12 0.63
77.12 f5 0.12 0.63
77.25 d5 0.12 0.63
77.38 a#4 0.12 0.63
77.50 g5 0.12 0.63
77.62 a#4 0.12 0.63
77.75 f5 0.12 0.63
77.88 d5 0.12 0.63
78.00 g5 0.12 0.63
78.12 d#5 0.12 0.63
78.25 c5 0.12 0.63
78.38 g5 0.12 0.63
78.50 d#5 0.12 0.63
78.62 c5 0.12 0.63
78.75 g5 0.12 0.63
78.88 d#5 0.12 0.63
79.00 c5 0.12 0.63
79.12 g5 0.12 0.63
79.25 d#5 0.12 0.63
79.38 c5 0.12 0.63
79.50 g#5 0.12 0.63
79.62 c5 0.12 0.63
79.75 g5 0.12 0.63
79.88 d#5 0.12 0.63
80.00 c5 0.71 0.63
80.75 a#4 0.71 0.63
81.50 g4 0.47 0.63
82.00 a#4 0.95 0.63
83.00 c5 0.95 0.63
84.00 d5 0.71 0.63
84.75 c5 0.71 0.63
85.50 a#4 0.47 0.63
86.00 c5 1.90 0.63
88.00 a#4 0.95 0.63
89.00 g4 0.95 0.63
90.00 a#4 0.71 0.63
90.75 f4 0.71 0.63
91.50 d#4 0.47 0.63
92.00 c4 1.90 0.63
end
